0.9401742500491915
0.9539781823101491
0.9296875068295711
0.9570946283170205
0.977564400346644
0.9653707350180503
0.9316338949795728
0.9544483256984758
0.9545566152311916
0.9783684509476639
0.9627756248070028
0.9251080469865994
0.9999999999999999
0.9420395059429362
0.9725779484419094
0.9469170457708669
0.9846587326656556
0.9429172542262624
0.9257317672904004
0.9231222166705241
0.9739947494266318
0.8882238741893382
0.9427641348723393
0.8978985837997562
0.9162486483213901
0.9500780167100367
0.9309113176774669
0.9932669708785219
0.9250357759360706
0.9462986101782721
0.9104537487977822
0.9210971115030464
0.948031154169228
0.9769695890436888
0.9571206808612588
0.9147747760497811
0.9999999999999999
0.8950161225349759
0.9761242403473045
0.9733882621455264
0.9552888196552568
0.9230233555093779
0.9085137155325628
0.9214498819675869
0.9429926919299878
0.9194610816099773
0.9449671628745137
0.9149258569192218
0.9748531845801138
0.9543878873434865
0.9999161351441387
0.9886522062591236
0.9615800772249831
0.9783143029474892
0.9503480892815078
0.9452870553607308
0.9255108369504381
0.952888397523921
0.9495061164707935
0.9419258406209686
0.9306771471273283
0.9425368438498034
0.9092642020031044
0.8875164656526926
0.9064665317856776
0.9227557242618923
0.9549271567819313
0.9520481138437543
0.9736487778569298
0.9439675862319766
0.9716011795000519
0.9630993115290524
0.9563468185116675
0.9428088047075871
0.9508737979484547
0.998003021789094
0.9614923156420926
0.9999999999999999
0.9856145851870088
0.9721778538609918
0.9769887585904453
0.9760662875770352
0.955792332788609
0.9999999999999999
0.9362121963139066
0.9682432076844738
0.9702158407012985
0.9395497089806732
0.9436094485668987
0.9710033042224493
0.9498944989653249
0.9473542125903166
0.9199492077217954
0.92767799336982
0.9334330059286693
0.9326563097702952
0.9592419753906058
0.9526112421157967
0.9285600259432983
0.9650784505598893
0.9160301542983247
0.9524893752125514
0.9042211502591386
0.9054331186840859
0.9404834840982548
0.9534098297546469
0.9672652118448725
0.9946795103279858
0.9940227514617321
0.9137156270475659
0.9999999999999999
0.9999999999999999
0.9481669652997354
0.9492598314695432
0.9394840152026855
0.895711470308213
0.9607800051684592
0.987437823249657
0.962263836907316
0.9196467022423827
0.9275364211609511
0.9654977029596898
0.9782343327958594
0.9741725527733668
0.9932166458389653
0.9486097279044611
0.9604871093161442
0.9588249526344597
0.9741566187741807
0.9999999999999999
0.924871410206321
0.9351046305125343
0.9091422168108921
0.9231152097875037
0.9054583107047469
0.9969531324798969
0.9882420906675264
0.9413528711296504
0.9499268589285179
0.9443687546489231
0.9848024724117868
0.9439429319719724
0.9642022307002421
0.9431367539967571
0.9459789603059753
0.9553019794629951
0.9619758817759597
0.9614861932647508
0.9535545667801533
0.9128684146446001
0.9236856546056159
0.9254779293765917
0.9999999999999999
0.915704106003613
0.9545552840793766
0.9915661672928859
0.9993302300616095
0.9094972348365733
0.9775071881152934
0.9715485470077856
0.9971996103091596
0.9600947331066475
0.9746096921965252
0.9543641653901558
0.9334771505643207
0.9499985962565634
0.9262675203313435
0.933711259852289
0.9129589318586873
0.9266624798645987
0.9332661422598426
0.9549361937140144
0.9827649148360529
0.9802977108001949
0.9428941269079738
0.9465617609923578
0.9999999999999999
0.9270296231643737
0.9189084944770982
0.995453350499599
0.9551647457852198
0.9664155869206534
0.9001725447727819
0.9339026436310237
0.9144398443436118
0.9999999999999999
0.9398545536519792
0.954672294031021
0.9288702718193756
0.9734928385228823
0.9526290516489715
0.9876682436355766
0.9915367379341627
0.9269497715079178
0.9805787413481414
0.9397382328072683
0.9052382436646289
0.9368698536133107
0.9558569760277321
0.9642575820599858
0.984876393518493
0.9027457987327286
0.9381290552647543
0.9753999722478089
0.924518933123045
0.9606377258573731
0.9996524656890282
0.9555310690184762
0.9247288727213159
0.921192204975486
0.945502824417606
0.9530275315890018
0.9459279773088685
0.9407479574195027
0.9999999999999999
0.9176174052805698
0.9143425513306375
0.9538317185687833
0.98667296105223
0.9847251835673942
0.8989982778292032
0.9444661514981982
0.9736654684988858
0.9383374865403796
0.9446919210828761
0.9470201656568227
0.9880281568864331
0.964166854912339
0.9629488060226662
0.9231375393408294
0.9473640482184231
0.9224375593187895
0.9980931044366737
0.9538046549705254
0.928764834856755
0.9441413444325774
0.94477726426419
0.9281625315989298
0.9400279895070183
0.9512182833864975
0.9333373628951293
0.9444790543314069
0.9336272289942659
0.9457135810322976
0.9670587070403567
0.9999999999999999
0.9626535004698317
0.9859998604925102
0.9533520768038086
0.9487374400022772
0.9999999999999999
0.9274492631101904
0.972562042557588
0.9322076001215563
0.9937964401889979
0.9375866128519532
0.9648016329515186
0.910267851491561
0.8809353508724542
0.9367956117554339
0.9515921205714873
0.9078906071108241
0.9325927189615646
0.9029941962965735
0.9290115718715998
0.9658360021314303
0.9147085127018161
0.9448697330258893
0.9593826295026638
0.9630018844389713
0.948254860163046
0.9200508890621295
0.9345713864845013
0.9093335562106681
0.9480042429788762
0.9375516809505208
0.9702419422631446
0.977998186743781
0.884051213290601
0.9995197534228516
0.9981912878822313
0.9405147816626414
0.9400754541494497
0.9512957157385958
0.9289023639010887
0.8910252100348683
0.9348647762213883
0.9370990913028691
0.9429816857128527
0.955935000951448
0.8860482620187979
0.9533391403831314
0.912770129469864
0.9019909575573819
0.8979079558651922
0.9999999999999999
0.9275149988431309
0.918201332833451
0.9123023039742922
0.9757571751277371
0.9516431349700356
0.9323242960644874
0.9415512232666079
0.9691192078253055
0.9441873035665076
0.91982575288032
0.9441479713339622
0.9778200266380461
0.9999999999999999
0.9999999999999999
0.9586859703262325
0.9346022882339484
0.9604039688969002
0.9158912977462985
0.9240748878159671
0.9999999999999999
0.953937683768095
0.9376426723253707
0.9645570567127989
0.9500596003875508
0.9324010042429516
0.9468352533525304
0.9785024305723249
0.9674032683717126
0.9999999999999999
0.9903518873796373
0.9218519362726382
0.922782704464621
0.9356129488234504
0.9422188022792742
0.962846974708206
0.9431200844882025
0.9086758579951811
0.9151403444430796
0.9507145513010516
0.9959883175673024
0.9516648123695698
0.9999999999999999
0.9977058918317265
0.9713774926937749
0.9810844447828466
0.979204361831046
0.9024267127943979
0.9481769004860408
0.9334486566151392
0.9547115244711135
0.9170067970887399
0.9417332073924999
0.911258750282891
0.9326396026297165
0.9999999999999999
0.9632474424715215
0.9726119696596224
0.997964066095671
0.9238947282732963
0.948634558614723
0.9321464231808342
0.9999999999999999
0.935162192371966
0.9460609375547981
0.9999999999999999
0.9613565819990969
0.9234624337043489
0.9547625830084582
0.9469405590228663
0.9547888079090905
0.9773766625579288
0.9706952168960806
0.8933714829504555
0.9786002641983184
0.9652095252095416
0.9843924578056309
0.9757789721541191
0.9348473402687909
0.9442507910548792
0.9999999999999999
0.9145203061058749
0.973202540845959
0.9570203240449116
0.9432127286844022
0.9413887939258618
0.9773976599787189
0.9330564327813191
0.9166227505369245
0.9999999999999999
0.9698259269431676
0.9410736677334912
0.9012554589071969
0.8980794515259853
0.9456760756996382
0.9463565137077775
0.9445849711476044
0.955154955695048
0.9576544217822149
0.9327011530281846
0.9144741749316014
0.9503925763339547
0.9956262909662714
0.9389469095030446
0.9184925995117759
0.9275632241104202
0.9526765347307603
0.9944461881061697
0.9222631954620372
0.9596402912993935
0.9129834483960572
0.9325408469505836
0.9999999999999999
0.9775670247461667
0.9512506807262682
0.9273342838290634
0.9611956868376713
0.8951803853237023
0.9472205537783017
0.9458009605329432
0.9176291986076553
0.9837521346940551
0.9291205035893584
0.9408779524855454
0.9448912861694394
0.9734240181256193
0.9604027534812498
0.9437857026188736
0.9411551669662407
0.9787545539327789
0.9644809066889074
0.9784899253227598
0.9302253953080888
0.9742580858228177
0.9769039238692065
0.9584174335655702
0.9601859996855724
0.9265126882718087
0.9262159529608669
0.9898808217418961
0.9598747348495259
0.9278317228760358
0.9771140647185548
0.9563550726819458
0.9462291583740446
0.926998874440545
0.9775522592095555
0.9512966362021004
0.9786950726419673
0.9970635275169224
0.9794655386348121
0.9265396458066822
0.9208039820023609
0.9776048013874443
0.9956715527762809
0.9394405533074414
0.9616844605638015
0.9450428117358253
0.8933029007950136
0.9524165421659464
0.9853497163236202
0.9516927269871481
0.9805995050414462
0.9554966305646272
0.9526315947754385
0.9709693289533153
0.9706639179624744
0.9510617849668065
0.9541880177060409
0.9510257601587686
0.9358010592767287
0.9046185896728435
0.950095577139555
0.9686612406533508
0.990943929174087
0.9439163463677522
0.9386455893531064
0.9852259468070234
0.9650753737394525
0.9330903619667628
0.9885076820308176
0.9601765295875014
0.9353751867479526
0.940789748490465
0.9498634268541878
0.9173354712665638
0.9386946346477028
0.9764156323902891
0.8748925948065505
0.9273458790084323
0.9801761387012841
0.928282418004968
0.9024020894297388
0.9442138966614879
0.9450055739499728
0.9529150227654767
0.9390961674304091
0.9711833912380293
0.9371420236986653
0.9331911547373402
0.9479590995612037
0.9999999999999999
0.9373314025525656
0.9196253908722702
0.9014090754894684
0.9618057524613449
0.9445609301901742
0.9874509385524262
0.9110548139370236
0.9408387268311391
0.9585122600762901
0.977889735320181
0.9704372962578178
0.9705296784062648
0.9459538332795574
0.9999999999999999
0.9527200180009453
0.9101861136125308
0.9999999999999999
0.915776975538147
0.9594006563490822
0.9999999999999999
0.9861967803499111
0.9811708563461103
0.9519551344599075
0.9452281715566676
0.9581069772247855
0.9445834942203484
0.9440814379919324
0.9398611525997648
0.8923680970686888
0.9593179382693621
0.9847845492689735
0.9566819914475617
0.9572944162381732
0.9999999999999999
0.8844935309400783
0.9535272469971238
0.9534553300017614
0.9036882723914286
0.9999999999999999
0.9306300983696983
0.9855753505518084
0.9284094624129425
0.9538215753479848
0.9389020585190949
0.9548152643314132
0.9590949619691788
0.913038386067905
0.9218855361516758
0.9229412620909511
0.9657371830866038
0.9772319540731487
0.9278735316337313
0.9569864093266576
0.922126361795993
0.9999999999999999
0.9231879000520166
0.9333898911352569
0.9654795660594202
0.9458215408254123
0.9669531050283261
0.9406408672336266
0.9863106192836424
0.989726766061255
0.9323101270039461
0.9331604002406293
0.968680525719091
0.9533579249795879
0.9600156773843428
0.9198850655952618
0.9999999999999999
0.9001290031416787
0.9281306071255742
0.9164549437977216
0.9925166511784422
0.9363887064887224
0.9037375708412236
0.9445409931089357
0.9371544385603722
0.9385595004842247
0.9717039107066531
0.9999999999999999
0.9526750601479145
0.9639570791286977
0.9723570208321554
0.9979442821313328
0.9525367317625086
0.9802407205049088
0.958611944975149
0.986779976378442
0.8899956156767511
0.9366038277833789
0.9290185769902951
0.9114754303507406
0.9359116402060266
0.9738841320827268
0.907662396649896
0.946915550809833
0.9447043596292445
0.987186295501875
0.9964301526133684
0.9283563167965986
0.9509984954565321
0.9912023263103275
0.9861489810769217
0.927023418244694
0.9036821513551057
0.9413378593264073
0.9851174419866614
0.9425031285053715
0.9999999999999999
0.9177239186533424
0.9618438374087754
0.9126986452267807
0.9346343739545538
0.961463664712866
0.9659101724236652
0.9504717620275583
0.9136847122069228
0.9414725140261916
0.9304111755130837
0.9707185425676524
0.9788917077085043
0.9633117740052034
0.9315094577667541
0.9402321780834854
0.9272637855811179
0.9886094753777601
0.9074162297256375
0.9653108219308247
0.9594996496700481
0.9534541257336996
0.9447157756556165
0.9272594930192958
0.9191669271745828
0.9869271826084378
0.9268252453393224
0.8787618951358936
0.9236531084765015
0.9459080246029028
0.9085802920092069
0.9378001071459138
0.9537290981856158
0.9412713924782693
0.9447363749113501
0.9482633793284013
0.9950147808965656
0.984927178608647
0.8909937941333439
0.9163482920850576
0.9753850576400975
0.9273221613190711
0.9427676267314334
0.9920806263367523
0.9438327991415852
0.9282108348588056
0.9142484807960937
0.9561572713196861
0.9292928046214324
0.9137553393569445
0.925008843558849
0.9614781745601213
0.9724312426835379
0.9158058738177575
0.9221202493361246
0.9393968136908526
0.9288391821549798
0.9999999999999999
0.9221141136207978
0.9627987423701614
0.9202571927157215
0.9601109013343208
0.8738589265604924
0.9901104312395029
0.9731894619726456
0.9999999999999999
0.9005969940823519
0.8813438116269989
0.9548875322645713
0.9324016366284513
0.9871756357922067
0.9862076804422212
0.9999999999999999
0.9426482536795778
0.957763031673227
0.8970815900525909
0.9999999999999999
0.9836071208852665
0.950791115014635
0.9962854599086755
0.9547937551410488
0.9999999999999999
0.9560398259240699
0.9504979621884332
0.8705935408031085
0.9539356057721082
0.9820084740330602
0.9744196398857242
0.9424504680112203
0.9999999999999999
0.9070902698953774
0.9187952916019676
0.9767795338418764
0.9220792933549108
0.9995838346870146
0.9740979224425126
0.9836077241019633
0.9892180424970722
0.9678461809625777
0.8955732537777716
0.9944347214768966
0.9574010872728022
0.9277134259931821
0.9645883553820569
0.961479878811536
0.9091594702436807
0.9917908143354257
0.9934131827203049
0.9378905408515993
0.8946517220797253
0.9555269061586769
0.978280645068225
0.9143514659402772
0.9435966391403356
0.9821095771973697
0.9633061459060488
0.9117840911369937
0.9076541757283595
0.8974834660738249
0.9832290819677934
0.9196273471730929
0.9117419409927009
0.9001379898086641
0.9617862761902524
0.9571031920223874
0.9292634529918762
0.9455983016588204
0.9565518131701348
0.9999999999999999
0.9041774515702334
0.9352790288426223
0.9322690082069157
0.9307528907420686
0.9922291000158042
0.9627140975316886
0.9639386130322575
0.9563415180570085
0.987208379610785
0.8881535851398031
0.9961547658890203
0.9668104418266072
0.9166293905808218
0.9181776667210166
0.9150452688446269
0.9490491842780245
0.9160257001634563
0.9999999999999999
0.9392917057865595
0.9725191601266413
0.9410906055515801
0.9007879332443763
0.9640422709356061
0.9423206738238246
0.9390347584249804
0.9607321872153869
0.9824577418460841
0.9278329749702489
0.9487598720860957
0.9449483078052815
0.9234621662540045
0.9284420663203111
0.9583608971648361
0.9505839612250797
0.9601816006317844
0.9317338411858695
0.9821434095145478
0.911783255629405
0.9984959926268229
0.9389456479933598
0.9506553026967107
0.9492205103543719
0.8729728874929688
0.9174106356455587
0.9584049149814684
0.9355552727122458
0.9779317200874098
0.9020469282214456
0.9308462947632477
0.9896873933583258
0.9240598533768114
0.93967994337774
0.9639093889152219
0.9012340237120391
0.9457178757648395
0.9116121550120995
0.9999999999999999
0.9999999999999999
0.9554147536282773
0.8898956305032272
0.9339540401149983
0.9635318771522863
0.9458535703482064
0.9466750525434816
0.941904711535941
0.9675631995230684
0.9739342014428922
0.8889810694164649
0.9570208243190389
0.9540077573082028
0.9337630818057641
0.8837282078214543
0.9276283359854209
0.9999999999999999
0.9418221921300475
0.9163764364080199
0.9747590106526011
0.9867616346746436
0.9999999999999999
0.9284000494205279
0.9430397778994493
0.9527372682184639
0.9887445507403512
0.9303265884521812
0.9405957806486968
0.9258388572723769
0.9969640648100896
0.9095561837242306
0.945757459276256
0.9606674264426777
0.9000733532437786
0.970106602092191
0.9374375092151112
0.8807255127696971
0.9595399649853189
0.9222158319622161
0.9999999999999999
0.9390936695613757
0.947135076860424
0.931435862299537
0.99625486667208
0.9494312088557115
0.9317268729009858
0.962021308919152
0.9574131683220656
0.9201677763612237
0.9917031170009103
0.9017072669394685
0.9358698991476099
0.9706737545083479
0.9469503580064115
0.950757982640508
0.9105634207253595
0.9866956344352988
0.9067570019038519
0.9999999999999999
0.9096741718100693
0.9759923615928472
0.9655889352853825
0.9435042542108251
0.9453525459193859
0.9427405079342559
0.9341479064528014
0.96818331554991
0.9231652710975019
0.9344018814223164
0.9772163780178317
0.9697381758178351
0.9937427382376469
0.8956510876594681
0.9728984236389328
0.8518253796103756
0.9845719426920406
0.9185647791263093
0.9066816058925493
0.9192235074677335
0.9757761646507096
0.9564535000300611
0.9750285829954621
0.9821800023423181
0.988564587131989
0.9642824189209347
0.9364976207292836
0.9536090351210663
0.9457953836468477
0.9324522738660709
0.9093906319316192
0.9999999999999999
0.9131105487829193
0.9808717306843425
0.948467559122799
0.9583471849698951
0.9635713213948776
0.9694241791181899
0.9390311997969025
0.9579471344428684
0.9999999999999999
0.9936293663480238
0.9657069814004751
0.9527937825940841
0.9453766130561297
0.9366015215217662
0.9469701516968132
0.9334348759532445
0.9480582338952341
0.9629678704726744
0.9824177319486407
0.9604992525651814
0.9999999999999999
0.9877240052430659
0.9343063245200526
0.9854542269095508
0.9234686711524841
0.9058638159981047
0.9249660384155257
0.9410528329516137
0.971486981182912
0.9067196840336705
0.9666472827050275
0.970150559417464
0.9167644573307971
0.953890496337927
0.9537923686499857
0.9998876177996984
0.9395471870572235
0.9965880059267794
0.9685071717357997
0.9357536984449836
0.9177406102181983
0.9771623428320417
0.9014762329834292
0.8792611511936456
0.9976795372612559
0.891678245678753
0.9373599544539161
0.9406368626983095
0.9321592565183783
0.9259025652002276
0.9259826086234023
0.9422519590626466
0.908172863458491
0.9566695929329504
0.9492089609697841
0.9666170486801827
0.9709139047390106
0.9937799245697599
0.9300960760770064
0.9625547724369465
0.9930595898289989
0.9910328900545038
0.940230472378702
0.929675158540182
0.9401445888677287
0.974793608854729
0.9470725890499291
0.9435675585426271
0.9771805332249178
0.9999999999999999
0.9143777249058809
0.9763126671560224
0.9634537089531255
0.9576127671838242
0.9999999999999999
0.9460762244163347
0.9346078095353643
0.9641095787947153
0.9640931527600118
0.9999999999999999
0.9184270243621313
0.994713252799054
0.9211708886311429
0.9072010673007473
0.9132669561881066
0.9543234003511207
0.9604753136489482
0.996094826743809
0.9934011619429127
0.9507783512360172
0.9266400208612454
0.971409808263344
0.9581238733944002
0.9161724034534051
0.9406603171296732
0.9413627767082284
0.9422324824318737
0.925563538227725
0.9775009287399851
0.9583371997218982
0.9489859290749215
0.9608377120256895
0.9335393405147993
0.9309399896395529
0.9641677447385973
0.99014139339966
0.9322515347877716
0.9235747750429754
0.9399558440800307
0.9771145348506927
0.9356910227277963
0.9663391712909621
0.9999999999999999
0.9298035430801838
0.9627873149853915
0.984889936909208
0.9206768496482401
0.9186216327120681
0.9657341964571476
0.9755385107242017
0.9384168416101407
0.9252714824893371
0.928823870696004
0.9765669569900588
0.9999999999999999
0.9999999999999999
0.9557733912475124
0.9305790848417066
0.954627931715397
0.9535788801009283
0.9530949615933239
0.9674135645698424
0.9087108307081825
0.97492575377925
0.9779655759477291
0.966819073158648
0.8923471975283214
0.9999999999999999
0.9432126684780869
0.9999999999999999
0.9495621877972719
0.9448274199558716
0.947457879273642
0.9554787121958747
0.9420686039185537
0.9394782837479142
0.9666287900731152
0.9466429371277126
0.9345888519760488
0.9280772695690471
0.9461365611734048
0.9378475992892911
0.924996353439114
0.9332145627647267
0.9642330711488075
0.9436807708920592
0.9708163436775039
0.9590046912456206
0.9999999999999999
0.9939584826448669
0.9181088216155242
0.941042169726814
0.9621025368561232
0.8944345477460716
0.9544275658815256
0.9300239994168983
0.8839890132678463
0.904715566195207
0.9538890260875006
0.9673075135490459
0.9890883739482237
0.9602774117333422
0.9871704581757139
0.969858819167107
0.9472423458131657
0.9878704831272495
0.9480809176191712
0.9672067059599995
0.9774569018512678
0.9232376343291433
0.9425072885314366
0.902697170907648
0.9186542810533476
0.9516741545625367
0.9800196955579138
0.9102300367728636
0.9484295898878923
0.9556145129795688
0.9628364167691145
0.9468269330576293
0.991174115627769
0.9508690001135046
0.9071964209668955
0.950477596146934
0.9708010157916366
0.9151090152169833
0.9546545804481367
0.9740460849795326
0.9177458310461853
0.998884292389073
0.9747116905902069
0.9214642188194686
0.9403375852026169
0.9580067334279141
0.9393706298140188
0.9699128319749697
0.9084407858719585
0.9564700890344603
0.9605576517201697
0.9072456409759231
0.9792858278406781
0.9357476535303054
0.9010224100883508
0.9689032131375555
0.918757983928654
0.9522370040534208
0.9161770791948426
0.9999999999999999
0.9520673491964056
0.9574757118601486
0.9190543526145781
0.9727526614922044
0.9999999999999999
0.9641301126627312
0.9398743462820299
0.9703405145100727
0.9059797758984032
0.900946836413993
0.9670412519226448
0.9776248350886874
0.9201104169215388
0.9391677079530043
0.9940040221254697
0.9999845548398797
0.948099914601339
0.9967469510582039
0.9530854636826417
0.9690948736148662
0.932791308055727
0.959166042922236
0.9985223178298647
0.9581740203026732
0.9418383633477129
0.9530912050533387
0.8914893430562576
0.9476545009779379
0.9358309220435069
0.9999999999999999
0.9882183282151831
0.9429319339169177
0.8707235007013705
0.9812277372110157
0.9499181144324762
0.9486726350521907
0.9360433257634779
0.9999999999999999
0.9664309960893828
0.8961046627868098
0.9854013745547022
0.9012934574449545
0.993349388962048
0.9961990161397419
0.9288127866454987
0.970997589951445
0.9222216616945471
0.9222407295748608
0.9490648225007345
0.9356716176566962
0.9372646276446982
0.9482220545749274
0.9350591340238759
0.9454366989283084
0.9610414551840002
0.9383557004681895
0.9377390384365728
0.916209303990314
0.9885199038896927
0.9534900105673833
0.9819155086881904
0.9999999999999999
0.9242041173899483
0.96149131337908
0.9773840844637864
0.9479280567572831
0.9290014479969088
0.9354187676798363
0.9692294751337217
0.9701414071108037
0.9385846512745931
0.9275179069781226
0.918138598839226
0.9769507862478378
0.9162899825752574
0.9462710735558423
0.9205506723340702
0.9148805303824705
0.913056346036159
0.9219570558844468
0.9159902550497169
0.9879563839081531
0.9548524724828366
0.8708501835533156
0.9309282897473795
0.9760025342659304
0.9229659118634551
0.92586692042647
0.9322186913982045
0.9228562629043785
0.9156814561852694
0.9458842992486022
0.9674425277138917
0.9999999999999999
0.9888559813078005
0.9515457866742756
0.9801262493091556
0.9512869112370684
0.9022072030046899
0.968467314558446
0.9230442213981593
0.9486862292498578
0.9538495233790049
0.9864527881948936
0.9653893083938281
0.9822966566504429
0.9560192171754726
0.9384719958358898
0.9380767096366127
0.9999999999999999
0.9513552024700017
0.9101553064933328
0.9261636383593435
0.9294022004622862
0.9274692257456668
0.9999999999999999
0.9361239418666221
0.9500984340102835
0.9999999999999999
0.9569018627548008
0.9480420928347048
0.9769200522411646
0.942416473573505
0.9461332604848277
0.9081005601091892
0.9466338399182526
0.9235345634957683
0.9698638280790194
0.9695393180955547
0.9426718065512963
0.9245387285209717
0.896410355203335
0.9227165824474362
0.9012198895238492
0.9318820479893317
0.915079891257208
0.9193942781839357
0.8974641685046665
0.9639068606536431
0.950896747113559
0.9603712566469421
0.9999999999999999
0.9199420252124864
0.8909986862187831
0.9134802000415251
0.9838155179150022
0.9999999999999999
0.9320884837309997
0.9683354457730737
0.9328102175959516
0.9764551734456847
0.9999999999999999
0.9415669877266826
0.902230534541861
0.9851335231213788
0.9999999999999999
0.9211539349217933
0.897029497085027
0.9471843008554393
0.9360760798264907
0.9476919915355404
0.9813322915352963
0.9286669201941457
0.9975342616222331
0.958646817085068
0.9484749316268177
0.9717243091826333
0.9646204696245116
0.9999999999999999
0.9710836713802313
0.9690622965867958
0.9614490030381352
0.9235818170940455
0.9616584645429629
0.978112544088907
0.9321442450816727
0.9479311269540868
0.9833307327825896
0.9854253237713939
0.9430626650929774
0.9837639742100728
0.9177501957431657
0.9456936625615872
0.8853667477173192
0.9552044246022402
0.9402388924847639
0.9516027709597785
0.9999999999999999
0.9533691032076271
0.9511569012852148
0.979797848704274
0.9999999999999999
0.9526188656992346
0.9832546024146179
0.9301918496717381
0.9248779220062435
0.8860001557556667
0.9480583803337027
0.9902345575824548
0.9394904300672139
0.9819191544071483
0.9646068291173066
0.9177561466410289
0.9495630453386963
0.9793335876416133
0.959169540349611
0.9999999999999999
0.9701655968745939
0.9290510094065757
0.9325095824803519
0.9701686579723471
0.8850494780380814
0.9447623578921356
0.9534320952533819
0.9141275443323161
0.9402540449842928
0.961916402313585
0.9681654255443368
0.9631817774575209
0.9799891322768677
0.9081669829707919
0.9252303312823931
0.9635432737633164
0.9776514314498044
0.9886648679410058
0.9315889404741725
0.9383579628628932
0.9084864329377451
0.8959959660916401
0.9536147603939463
0.9377384559264085
0.9441359623026546
0.9235438417878518
0.9829678421855074
0.9357414140156367
0.954650060972427
0.9164710518003274
0.9462422049893833
0.9130898626286262
0.9530695244930251
0.9255150829993132
0.929535539761623
0.9339612278186751
0.9494497157520511
0.9479797920908708
0.9913240119020359
0.9487690963508256
0.934585368189505
0.9398810697226055
0.9361969864736526
0.9585488565105593
0.9782233954165847
0.9442132305648807
0.9124801721695432
0.9324384577792443
0.9277054108768972
0.9935060132714755
0.9009059059181648
0.9546167245636049
0.9190851888913785
0.9422550263019359
0.95555346591251
0.8770332872198433
0.9387367212166133
0.9371933378236913
0.9700667726440115
0.9519371440021049
0.9952999129572231
0.9504321900275567
0.8761229318192746
0.9430916758365895
0.9286746676181916
0.9798328868929825
0.9444093422673685
0.9535576971781174
0.9999999999999999
0.9792274961321945
0.9326665300057171
0.9594689748750741
0.9736136034173408
0.9999999999999999
0.9702037197886044
0.9117534260878984
0.9309612745674815
0.9280484312047284
0.9500978040419688
0.9371186036096406
0.9150304511225108
0.9297622507037505
0.9874857008246318
0.9999999999999999
0.9519776099083729
0.9254523851735484
0.9215897118337912
0.8980923207842176
0.9310339309923368
0.9784217922895514
0.9305588349463468
0.9382306562678213
0.9514977254670326
0.9331040167247922
0.9721105471934199
0.919672271418734
0.9074769286095888
0.9468289508244522
0.9777139242192792
0.8937468558931327
0.9523489052950149
0.9429288138077241
0.9999999999999999
0.9460803290588232
0.9866441683867403
0.9384044509830717
0.9589222507443841
0.9525361259260746
0.9467565995283808
0.9999999999999999
0.9092664584685981
0.9500677676210133
0.9833764845464444
0.9313101589132938
0.9471239475584969
0.9922100327925641
0.9266141392309343
0.9355872026224021
0.9618006025486926
0.9128004224685317
0.9205436890995994
0.8968217423740995
0.9475962181528332
0.9067247764687842
0.9113097360199062
0.9696063238443029
0.9728704894481498
0.9625473077892556
0.954412720179599
0.9579656758666674
0.962413082555574
0.9758903772626286
0.952979547727779
0.9837839649354965
0.9188488553191798
0.9206035440795075
0.9999999999999999
0.9555187999435353
0.9999999999999999
0.9244922830941178
0.9498521636154064
0.9191873960813288
0.9434800485484229
0.9681023463840889
0.9696120549131533
0.9358114945953631
0.958373320656095
0.9531413769959156
0.9339076538818983
0.9238971606736439
0.9788514817763959
0.9158039231166039
0.9314179421895112
0.9510534188373311
0.9999999999999999
0.9600447401952391
0.9999999999999999
0.9417550950363764
0.9236784974859731
0.9353495903834137
0.9307070229025448
0.922652265388888
0.9506298201405237
0.9544529644784204
0.9387914493791604
0.9502193485998403
0.9987199193997904
0.9999999999999999
0.9381672222620188
0.9895810224255025
0.9999999999999999
0.9093120746587082
0.9472992664391982
0.9151910062060854
0.9901432571749816
0.9119551515349895
0.9885296691654412
0.9137545570846063
0.9380358968541338
0.966061546926652
0.9430210866947787
0.9765495254408634
0.960009137940269
0.9258174612663216
0.8861607907200904
0.9732981251589266
0.9199037941237348
0.9144903806477799
0.9999999999999999
0.9992979079505337
0.9999999999999999
0.9999999999999999
0.9620282331022274
0.9235245738159876
0.9205160205603065
0.9762831698554569
0.9750869371100226
0.9580552390323159
0.9255677763203397
0.9560714475531241
0.9475708290307908
0.9250768805277593
0.9241670225081443
0.9822927681078343
0.9794463063620976
0.9529018416531566
0.9546703675461674
0.9248767898603322
0.9619336164121941
0.9588320060351734
0.9288610316770514
0.9417985900060111
0.9758383885240599
0.9861649260961785
0.9288165006301682
0.9379177948201132
0.9824185548412014
0.9799847778738723
0.9210350570621396
0.9196219350868939
0.9074182310844112
0.936547025604196
0.901203149503685
0.972878548248952
0.9726050368537412
0.9385344966106853
0.9629789456019637
0.9861601426860853
0.9851199109799741
0.9542962035029364
0.9103236111489804
0.9193990057236678
0.9153983571660336
0.9800262927205543
0.9146616474253715
0.916064271644881
0.9205602108528975
0.9938106054527974
0.9671499202199022
0.9523813800896824
0.9123451472666294
0.8990353468838983
0.9668003519503756
0.9241412378660872
0.9310314955321704
0.9351172374044674
0.9089041230664257
0.9870666307146946
0.9389447615814044
0.948076191514883
0.9312126834822607
0.9130192448602036
0.911750857808752
0.9353899173402825
0.976788946531178
0.96126013568777
0.9289180105990118
0.9542454200698481
0.9713389768302361
0.9140677075835901
0.9277797624846927
0.9597476685720701
0.9774541197086886
0.9545518350346561
0.9728353590544064
0.9391381431151654
0.9395875227056236
0.9104302459684885
0.9344730815579689
0.9666987000129794
0.9286338259796261
0.914904968841215
0.9462106702006909
0.908140581729075
0.9585575616554843
0.9471411665126356
0.9887035548123106
0.9425374197517522
0.9260170765075234
0.9125753908191211
0.9757793105406367
0.8997982684211905
0.8793532623438405
0.92887551961895
0.9735293180426008
0.9642730048485983
0.989178558681613
0.908731017304
0.9347772989936183
0.9557682128993832
0.9421743271285109
0.9460007219304576
0.946437434842789
0.8923103877908343
0.9562986451622011
0.9476896257324259
0.9763079995268922
0.9141329006649697
0.9470094268394663
0.9436828219493981
0.9009823461841475
0.987431877198863
0.9523493551109222
0.9692704716122313
0.9549596899416151
0.9422693662828759
0.9293817863227276
0.942355124166189
0.9348814740734733
0.9428247353148297
0.9681591875064707
0.9071718139995226
0.9158577917013652
0.9181146798263329
0.9506829983754741
0.9261048752640968
0.9651632210907498
0.9781194194025087
0.9012754591918474
0.9031494866601427
0.9696663738970761
0.8883214081805512
0.9999999999999999
0.9666979371191571
0.9320337753032967
0.9589441077514234
0.9207502372327413
0.8972413528884418
0.9779088072439917
0.9275298636806059
0.9518508981626883
0.9828591454023036
0.9999999999999999
0.952149711080252
0.9219153405788041
0.9559263000540464
0.9390999386019477
0.9518059404069265
0.9354635484524284
0.9821793942952642
0.919701332309742
0.9324474105573416
0.9371650387195342
0.9289229079485567
0.9724291717286849
0.9999999999999999
0.9265315794711662
0.9628872608018276
0.9536432033649587
0.9428392114509856
0.9514249502352662
0.9098872903635568
0.8837010830545027
0.9999999999999999
0.988479386717071
0.9616298810153718
0.9442087234509935
0.9710816246251328
0.9763142237925055
0.8985369296019208
0.9730675690297783
0.9521064807770041
0.9168530271561709
0.9999999999999999
0.9860468293594485
0.9139807597494732
0.9575553236490244
0.9216824756157057
0.9853718924594006
0.971105221859278
0.9550045942001345
0.9798875305291573
0.9222330754483403
0.9619916798771827
0.9733693661148315
0.9999999999999999
0.9999999999999999
0.9165932933982041
0.9547581075327104
0.9343664322249651
0.9035016260644826
0.9294805052266117
0.9817952153226022
0.9573562610590571
0.9935125528286376
0.941490796258346
0.9129246270690257
0.9329319727319955
0.9385830572885581
0.9999999999999999
0.9704172565090009
0.9447589912593909
0.9073978303971724
0.9637078988084176
0.9310514503205812
0.9999999999999999
0.9397218285130464
0.9628226692893476
0.9302137851573627
0.9424330166375288
0.9445229959198719
0.9585603525169112
0.9291215775197487
0.9671469945074481
0.9299476850401671
0.9319687781878422
0.9475683080245327
0.9999999999999999
0.9707493527051502
0.9830969188557673
0.9999999999999999
0.9622503187056995
0.9225741081138231
0.9690602633923514
0.9445200187520852
0.9144258026280287
0.9073033917035338
0.934369346587797
0.9558166896221445
0.9867518110742985
0.9407938324619872
0.9414349636919933
0.9524543923043239
0.93500812451172
0.9109807525878537
0.9229675223648142
0.9333897818900889
0.9562212107026495
0.9539113588227022
0.920485534102605
0.9732115801864075
0.9428067126764483
0.9738179028741698
0.9246883405349118
0.9559598403056987
0.9221452400038922
0.9756365910716364
0.9176189422330774
0.9597717709858927
0.9205433296600228
0.9538148071163755
0.9641516235745811
0.9803462677840784
0.9502328129682851
0.9740334711451794
0.995504120562552
0.9273701413088956
0.9733899349522571
0.9491683854492584
0.9146807892808901
0.9572116724830472
0.9674208766546526
0.9167871703921706
0.9846735069826396
0.9732800161019932
0.9784857056863786
0.928242321546417
0.9335237795446646
0.9891636655127134
0.9514407089048594
0.9071007014578544
0.9816973514405087
0.9104440563175068
0.9986261150722922
0.9640643480236695
0.9087652303026902
0.9330343950219219
0.9345995058004813
0.9815591046863837
0.9575121254402345
0.9861287557871693
0.947901622417948
0.9115989235629788
0.949667041165424
0.915344944742059
0.9111832493868547
0.9573260938431586
0.9241696227907545
0.971432217209551
0.9999999999999999
0.9527705768513411
0.9412370355079911
0.917385191919331
0.923063348177418
0.9699139273131596
0.9159775136515056
0.9688076714101396
0.925579828423403
0.9382111794236659
0.9511997217982563
0.9846633240387791
0.957065276633036
0.971108450380825
0.9345838517046507
0.940664835022502
0.996995151781092
0.9736118386163807
0.9183026404948933
0.9654374571186287
0.9645314170905611
0.9999999999999999
0.9999999999999999
0.9872724516622033
0.9508552709575261
0.9829281187790166
0.9332346578927498
0.9661605430278718
0.9318486609784992
0.9062278853428279
0.9397633949046488
0.9967912034812798
0.8897685140338311
0.8955060029261332
0.9799892390157715
0.9638143330645352
0.9501080203103348
0.9532506891910755
0.9785479831665281
0.9803119023909536
0.9070160790183023
0.954541679065132
0.9676105419886508
0.962172841214935
0.9970155747654633
0.9656987972157762
0.9222758301270432
0.9170538415948926
0.9409275988746189
0.9491930745664762
0.9826591936000841
0.943510635745236
0.921346112538016
0.9190630155134171
0.9334216292341742
0.9566304136501907
0.9353260978479555
0.936412559886534
0.9573228518560729
0.9353834777088554
0.9393600079859713
0.9450752616986607
0.9915906988840142
0.9845201691214099
0.9465636025710716
0.934741593999275
0.97494903379306
0.9969142488337341
0.9439751276472071
0.9278771859214598
0.9635566544747008
0.9090139589744889
0.9732514625758664
0.9596715165061053
0.9678003934044213
0.9999999999999999
0.9124064383947995
0.9418807968384338
0.9762787334287074
0.8999696848757723
0.9999999999999999
0.9629096686231481
0.9810578681689467
0.9440622959279619
0.9662896557258432
0.9630197836778448
0.915227308843694
0.9912676175234975
0.9424882429221214
0.9551353151031341
0.9712989550695473
0.9535531011701667
0.9445859347137043
0.9854082204270757
0.879430692505432
0.9372333251860049
0.9425225447468675
0.9412145243249671
0.9906011458267195
0.9779617315316188
0.9535785421361302
0.9177535776340611
0.9552977358372086
0.9310381665030014
0.9327680357775042
0.9815816625170508
0.9225039763629573
0.8996120390646178
0.9613296220236784
0.9297569884342828
0.9999999999999999
0.9063570230389703
0.9433146438239934
0.9073839467137729
0.9563142398358777
0.9733431697012224
0.9598817719473773
0.9192220821074819
0.9706760980816842
0.9852033782134381
0.9511693983394262
0.9682998997333364
0.9989266623917639
0.9999999999999999
0.9999999999999999
0.9177222354016615
0.9263243594494742
0.9133887719402195
0.9248509759167695
0.8600724187963094
0.9809092359870726
0.9573124120820182
0.9584036461434838
0.9319798540827048
0.9514736902410468
0.943941420045237
0.9235407392203406
0.9100540499890318
0.9447784262587173
0.9565475781755104
0.9259070197304482
0.937492485463957
0.9154275734737212
0.9543130929458074
0.9451864590719006
0.9426109364466422
0.9999999999999999
0.9760712720994652
0.9400402819461428
0.9586497884850089
0.9960984839541666
0.9196332300879952
0.9600413275752436
0.9293293400316768
0.9272070383298288
0.8787157388137375
0.9572932666292571
0.9523853802431229
0.9780439534134334
0.8915793458526592
0.945224590167127
0.9117964315239117
0.9278366680527749
0.9499469849732372
0.9106098413339454
0.9963135562808653
0.9164305438381836
0.944847052029119
0.9999999999999999
0.9633997203496151
0.9346296629292832
0.9533963896645282
0.9253406871322126
0.9547340159013543
0.9820975310829052
0.9565385143705771
0.9430984560784613
0.9136292867049153
0.9651275558820208
0.9636427413041913
0.9477192174045411
0.9760722085824574
0.9201653390106909
0.9999999999999999
0.9125765478360847
0.970120583173176
0.973500478978882
0.9957073627713954
0.9668855303105001
0.9869959746185667
0.9974030696236773
0.9439346379482099
0.9734173845253653
0.9664078871954511
0.9117302442136059
0.9661741840485588
0.9564577917568048
