0.918851948430974
0.9094655134625808
0.9117472907716198
0.8739253531225243
0.9357272656989432
0.9059261431558461
0.9266804877797813
0.9404790972416381
0.9200927254509977
0.919728330594255
0.9005734550339823
0.8691459634376228
0.9050044071239536
0.9049062564432951
0.9354138106908408
0.8820581283178318
0.9509438353105704
0.8661048030575575
0.9140837213830174
0.8915920446267048
0.951241625295058
0.9214767446330743
0.9217993550242488
0.9362361646105885
0.9167174632493587
0.8952925059144642
0.8630072850785401
0.9117830802544554
0.8776331838336123
0.9430700155210875
0.8908789663631559
0.9077928514252306
0.897307346943269
0.8887579299432136
0.9119387692073184
0.9069601300187522
0.9130994701174172
0.899355344940968
0.8708917253202313
0.9406792591703254
0.9133386757751214
0.8991296024794165
0.8684506853330036
0.879576055208846
0.8511938939783572
0.9266610238643546
0.8911073393495598
0.8971901425626915
0.9020312940293778
0.876071441050353
0.8802113326316056
0.9802392633490726
0.9180749661981378
0.9163150240392648
0.9225949774084419
0.8867513318807004
0.8878110693243535
0.8616616148440345
0.8444067569787541
0.897724332964325
0.8980174867561295
0.9252632927771604
0.9278620639296057
0.8963408737356137
0.9213522957421469
0.8900319468993674
0.8608740172430212
0.8915115467118446
0.8517869433899348
0.8817166076996938
0.8921529632254538
0.8824325499113338
0.8912778757588696
0.9290181477080313
0.8977908521096731
0.875319384495802
0.9148381582447193
0.9048712710501552
0.8587825774514197
0.8694241317463086
0.9232668060373916
0.9414205996098153
0.8688209600528608
0.9073231796104729
0.8938544064137925
0.901112184690622
0.8737865919406238
0.8647462339692381
0.8547157464241764
0.9647097323338392
0.8944507990159544
0.9171856055494193
0.8780709790972268
0.9240604622608704
0.8592476535143426
0.862459922001465
0.8326741385224634
0.8619336164708279
0.9652449987349525
0.8998455429387233
0.9601967392728693
0.8475179333450786
0.9329170971385334
0.863243101881014
0.9079764907440631
0.9050242390282492
0.9198267785553242
0.8986253728071734
0.8923564196930308
0.8540310127406311
0.8978086591010948
0.8300754430657425
0.9134431779182121
0.8825244768479807
0.878123377867514
0.8803687993242744
0.9243671232828015
0.9502578208589423
0.8645615968174402
0.8717437444343435
0.9185798772682509
0.938194531066033
0.8613672439237224
0.870450682894871
0.9230346966967489
0.8964648660491721
0.897804763452676
0.8815975065406043
0.910537880830981
0.9382382321123786
0.8789205438890135
0.9372045882144783
0.9171861748331213
0.8838073403148798
0.9386006640887307
0.9244785350068012
0.8787936936083075
0.9305517683730066
0.9301438094997331
0.826457270924075
0.9201362440768592
0.9126853551941315
0.9007902791886451
0.8755200767770803
0.8848350476346301
0.9315738017930673
0.8732829968952649
0.9116335233273479
0.8504927216767065
0.8997144807908533
0.8803671003397604
0.842010654754473
0.8622862234128795
0.9246295390610841
0.9033659043928245
0.8651249103370966
0.9222446380594116
0.914639605439333
0.8815068998462943
0.9501574888156604
0.9231358737938018
0.9190349476569328
0.8627101699368168
0.8861010274775418
0.8953213121860826
0.8872288232737282
0.9135155453781502
0.9130281397663893
0.9867482301336363
0.9013669232267367
0.9319315479361826
0.9160575034982421
0.8619232122407687
0.8947959652396695
0.8186467681026361
0.83730736040986
0.9091573574874625
0.9285823164238817
0.9189484561182171
0.8856406427464844
0.8875442576831863
0.8826628271051974
0.9377094901530729
0.8897630665302212
0.8726889154296769
0.9071274137225892
0.8679705634671726
0.9075466846558881
0.8591706391617889
0.9679306910602239
0.8893104970726295
0.8732013090369957
0.9166757767212957
0.9146112500834982
0.8661485551876342
0.8933335936637657
0.8794842477182669
0.8618593646042022
0.8415624834305991
0.90751803331366
0.8819293758931406
0.8973032615191869
0.8748250032531165
0.9053565718869213
0.8960371371060858
0.927487840383824
0.8523096228286465
0.9546843565056262
0.959375600016612
0.9109955420535023
0.899730298241113
0.9488112769790562
0.933996497684128
0.9267673837233785
0.908301221943405
0.9189724720025685
0.890293247296712
0.9440409497771498
0.899517676957969
0.9120161544438711
0.9099594937625881
0.9053553017899588
0.8917944051623184
0.8901730881481147
0.9250048472160648
0.9105157003988197
0.8910029313108994
0.9061252045338115
0.9000531281913613
0.938811130987874
0.9117602988260941
0.8386403683436493
0.8784890912998635
0.8584917339942955
0.8815247687641297
0.8989374536228806
0.8750403561097314
0.8992747977988024
0.891594110666763
0.9513760284902135
0.8862935875060786
0.9021227329701328
0.8738961864750722
0.8824515611388187
0.865437332152482
0.9022670731221646
0.8958158810269305
0.9116530998854702
0.9194518485738133
0.8931191755825818
0.9488295535088003
0.9582518791273635
0.9066641232029362
0.8886991257259426
0.9869104814098324
0.9166947353413986
0.871656675968204
0.9402114240860139
0.9164231053371229
0.8762464904633958
0.8881654796693454
0.925336503051508
0.8607213816219463
0.8617337763073916
0.8934255516436381
0.8947439103979171
0.8404158951517069
0.9524021019113449
0.8824593593129054
0.8665057271478531
0.9262513662704239
0.877028037697147
0.8694442197138709
0.890438709992418
0.8693670582111244
0.91737416157919
0.8705499549234466
0.9236717245749536
0.9077099210223554
0.8754983938055093
0.880430308579771
0.9101967426500405
0.9340969400201903
0.85866584015509
0.9460941203359255
0.9011850466552054
0.8813687560784536
0.8597918292090873
0.9367502202603213
0.8675331586983843
0.9086383066248307
0.9155356796732284
0.943624372241784
0.9191963906247286
0.9363047484597526
0.88183355238145
0.8819062526978839
0.9461051228837964
0.9022452897765308
0.9052489678506018
0.917761827038659
0.833289391988859
0.9122501087644064
0.8608107303875775
0.9447233757676708
0.9137645404381524
0.9121924674759688
0.8581597542599448
0.9631745233598421
0.8507649106641264
0.913132577450383
0.8864438562576196
0.8721386396926514
0.9131914677041748
0.9006863660984035
0.8554598547894816
0.8892516202948937
0.88792782298808
0.9152457729989674
0.9057344575273887
0.8999030531962661
0.864677864399662
0.8569600653722603
0.9554232766368689
0.8105805405608462
0.9099036231536698
0.9268056701415348
0.875185491652863
0.8676335383795744
0.8720155567445541
0.895791312163447
0.9319990009211512
0.8631676519913002
0.894357021412993
0.8422105142949151
0.9035309087035834
0.9023822275858907
0.8879388566375013
0.889033835472905
0.8996575576070132
0.8475818542647436
0.9355896298848045
0.8613125318365031
0.9004470475873559
0.914985967023901
0.9156337043673816
0.8651069198554495
0.86347555922648
0.8473531500954112
0.9143365096296011
0.8685644768843662
0.910390611700925
0.8700037765978382
0.8809111366703902
0.9262709650187101
0.9159875137555916
0.901932829209569
0.9127948263860866
0.8968434814408262
0.8970827909982516
0.9431473351057543
0.8302529920995153
0.9197278388204604
0.8927880625066821
0.9337381880178508
0.8833680280457771
0.8610479267076419
0.9081685890373572
0.8772580713332581
0.8578904586979097
0.8662565550083436
0.9231350369523467
0.9109508341707189
0.9277392040794279
0.944162699815242
0.9268400272076518
0.9017136833120789
0.8723949645509949
0.9343006224895618
0.9074571868977798
0.9322350886182577
0.915336697762993
0.9219297114514223
0.9488279993821181
0.8671941477183513
0.9454815619745893
0.8752050454149095
0.8846522722416752
0.8824663846356554
0.9510742272487192
0.9319483653839103
0.8867279879934852
0.8560571408626482
0.8839089171443708
0.8745663136164205
0.8942711916939488
0.9478354587468515
0.9051167894423324
0.8410691293555566
0.9739282933421787
0.8969110979169671
0.9045813307628414
0.8930209111801064
0.8673271327791411
0.9226235399192003
0.9034628458852307
0.9147847417073461
0.9141130986682928
0.9105730096787522
0.9381606963819952
0.9007062360979691
0.83873225180926
0.9172176445728024
0.8994112414607008
0.9113398680080896
0.860263556539196
0.9127596486975363
0.9340651690045064
0.8501782862283539
0.9477041186220869
0.9454111232915974
0.913319765578182
0.869959184380894
0.8590945820757773
0.9230493702567493
0.9135175570637099
0.8776077599016273
0.8701566843953212
0.9121598530529125
0.8637099068498265
0.911552171392886
0.9127987830636514
0.9366921848576173
0.9004314699078115
0.8528788260963901
0.9476585856545295
0.9007074223003744
0.8751904303604245
0.9100278602609353
0.913487352627317
0.8771776004025811
0.9539976009824553
0.8675416506179245
0.9135654549898188
0.9144195276964766
0.8977653267859148
0.9143647634491681
0.9114470896403613
0.9030038254868681
0.932785876281534
0.8765258546667808
0.9352565873706243
0.8942778850963727
0.9460279406754659
0.8882273441797953
0.8713053385149936
0.9112875142561765
0.9224174680439327
0.8503007559965466
0.8392254397335416
0.9040670652676346
0.8967724445706493
0.8628999669854681
0.895297483741683
0.897755010640236
0.8836977896450845
0.9432749551453137
0.8677049229817582
0.9121773545307627
0.882030815319599
0.9195205378690666
0.9130677845084814
0.920219435776269
0.9075273817203984
0.88800771193399
0.908929694620833
0.8739465751299076
0.8520910972589819
0.8869170658611787
0.8653313680732105
0.8733085591214446
0.8815077062610039
0.8904389515087028
0.8875692335768968
0.8974995996344853
0.8959933010048138
0.9089511879304542
0.8773525435965607
0.9260720713289293
0.8674593827062516
0.8934442515520996
0.8689668488478411
0.9000569377125391
0.8765930902829199
0.9140303904094755
0.880464182020182
0.9032257664795725
0.8936271748725063
0.8742913472457022
0.9278147101546371
0.9075768861382585
0.9170731602361111
0.966608199076641
0.9501141392683439
0.8822433247175432
0.8854115739925281
0.8913544492301926
0.9301757724430423
0.8939779629173626
0.9117763625985474
0.8937284109679634
0.9488928894958839
0.8928016527185642
0.8899959790941822
0.8825112826726689
0.8958790903278955
0.9339308260010774
0.8588044475363615
0.941805523344603
0.9077691270185717
0.929267794275761
0.8775474588470569
0.9466928625972191
0.8736689076626661
0.8704213167091158
0.9273237901680409
0.8996895444321846
0.9011640902899523
0.8840557229856871
0.9145816280652245
0.875561149529246
0.9216456211534626
0.8879442507234903
0.849960304159973
0.9086290659208063
0.8941862706826286
0.9427857324895674
0.8831193818362056
0.9474063561775404
0.8857545675583055
0.8860084627816165
0.9627799912050339
0.8577347641669297
0.894729162356672
0.8818377022753847
0.9320432848978162
0.8717518666851329
0.891604518355635
0.8953937076243449
0.9361276246786546
0.9258025548274945
0.9217452369817133
0.8812672961135312
0.8772772869663141
0.8957602862467049
0.9285450540115792
0.8790226078592513
0.8368672634326556
0.9082873590514314
0.8653785260818253
0.9030864048014399
0.9239513029866684
0.8227697171560379
0.9122164717869847
0.872728622210628
0.9144711019136493
0.9051635245919774
0.9339411960562469
0.8753893599595928
0.8851182917410781
0.8839682131086742
0.9201820655054267
0.8691704884932647
0.8606168956626348
0.9074462303399408
0.8639182598435855
0.8836893463436867
0.9259545796945641
0.875843294151187
0.873771931093422
0.8705573584154929
0.9350120001194703
0.8938360209188403
0.8760873618973847
0.8643201055127934
0.8776690557212694
0.9122471279470071
0.9546526332371705
0.8858187928638186
0.9332940851528956
0.9100740180643782
0.8730271417222271
0.8924969255137625
0.9318290456720907
0.9572792397570662
0.9558434219381791
0.9026013932746101
0.8968100595587031
0.9200068053943584
0.9033499210246607
0.9138724772994175
0.9016498509544256
0.9084286874208831
0.8488363161667583
0.9021376393624652
0.8936755053725092
0.889334899085708
0.9398954709462541
0.9369937426822945
0.9087809363401285
0.9101825203791502
0.9327785247326482
0.9196099159438941
0.9361762007756533
0.8663015471862406
0.9603848936792492
0.8857680290539777
0.8912571903961609
0.9410660677520941
0.8739881724500098
0.8676365214588793
0.8798142715174216
0.9160000571770939
0.899872583453894
0.8874631545921909
0.9107489055510883
0.9447936387780107
0.8775981642050735
0.9012093951609543
0.9185664674096277
0.8660127355832713
0.8877845216095386
0.9263276608101142
0.9111944692929052
0.893067895684136
0.9141046772837083
0.8770911727695837
0.9150595305430231
0.8928581206486699
0.9448041119353147
0.8404918006889558
0.9714901798418508
0.9334159910894652
0.8709077434271782
0.9007239380248515
0.8411362364290492
0.8366028041291546
0.8437321334269765
0.9417731437566168
0.8848176662794314
0.8865927910968082
0.8829059033414888
0.8696256613397814
0.954734851920145
0.9140184356292455
0.8802034444262524
0.90265667468833
0.8686021029966509
0.9025694054674512
0.9106547850284756
0.9184991988875452
0.8881313764309848
0.9045615730002674
0.9059428592435256
0.9156091674070153
0.8987326510588739
0.8825032815582017
0.9585837109951948
0.8972366450522977
0.9237008928556723
0.9056271651383141
0.8490824074886703
0.8977824210171931
0.9301792590385483
0.8939114734771836
0.8575270685097275
0.8458944476048055
0.8964400581036835
0.8490492437023057
0.8643672375912703
0.9190073616655251
0.8619573043588631
0.9357254045912246
0.9126422296324983
0.8951147496160605
0.936481466900501
0.9887651464889937
0.8974667640404828
0.9065361913874475
0.9140208038406352
0.8969406133563064
0.8610324456477316
0.8946249218525091
0.9230005111018889
0.8853066237357129
0.8747688025346075
0.9164438337316125
0.918231144352517
0.8934825622434658
0.9153722117364954
0.9270733543441041
0.9005684756030569
0.8901956177644956
0.8974688926997499
0.9576352424346408
0.9074386409598817
0.8843867137721433
0.9111026858125315
0.9085553655825156
0.8597796579535611
0.888175073335736
0.9305001161872754
0.895046415974034
0.8750647895591522
0.921621089059582
0.8822859576573426
0.9051837199274179
0.8707803708799051
0.9100112245800438
0.884414511112012
0.8573957145162072
0.8863004369830288
0.9182558882015772
0.8887503442680348
0.9271350497562129
0.9429405890414435
0.8872116564164977
0.9065386300084498
0.9183323525854195
0.9424032910510964
0.8818062652296847
0.89203121719911
0.9341834778813872
0.8836653076414808
0.8784285276675502
0.9061702906477674
0.9094831735323546
0.8545071238200481
0.8967259359667175
0.8622755805746205
0.9192940926572679
0.9778041189921064
0.8968283555379336
0.9004117759948147
0.9587919693726471
0.9674951474884131
0.8997462668623293
0.8974502506774892
0.8650008153149401
0.8736039672079683
0.912103327357571
0.9541780832264554
0.8728922059482555
0.9213431344755272
0.9338347124688227
0.8860128878239251
0.8645165899137094
0.8580155515835093
0.9395809948383913
0.8763222803707723
0.9419134530168365
0.9152938898690697
0.9290983326369585
0.9233279752951968
0.8757439896115055
0.8708643210144986
0.898987393632807
0.827026352168725
0.8768053148933382
0.9294701470623166
0.9157582087686993
0.8969308534711969
0.8717517394171675
0.9479310199213329
0.9379396712613661
0.901053150671903
0.9383532735848484
0.8541093033207194
0.8783206755992187
0.9337216913466608
0.9505318092277297
0.9847566610889209
0.896336012711108
0.9274542710672459
0.9294327065468744
0.9338700641054919
0.8966935244207553
0.8976876719202579
0.8838652736340266
0.8986825676176076
0.8502571014462469
0.8828850857986001
0.8926276125687255
0.8673176296368369
0.9611340365243607
0.8984313171115492
0.9023791745117731
0.8651353031963456
0.9291499355558543
0.8912060064237222
0.9197669301682603
0.8379914056476354
0.9259769686279067
0.892525843131316
0.8439125734161094
0.8862659749643923
0.9368895235444248
0.9439175121638397
0.875131721910234
0.9787359708155353
0.8805660090633264
0.9305827687102031
0.8806539244275049
0.8994540588883521
0.8717626132144883
0.8868810228398754
0.8955635546148205
0.9848117559228143
0.9014620038664973
0.8906706602129679
0.8870647147127542
0.884361913709505
0.8891995635122397
0.8900695020392093
0.8782670146095137
0.891440522949029
0.9050868734652886
0.9758733615004787
0.8966107328364351
0.9240744554163358
0.9476985682404674
0.9063068816189296
0.9243823169547078
0.8902654591405499
0.918372802558574
0.873271422108246
0.9062280398602877
0.8890814705265399
0.9156147599145831
0.8803952083579154
0.9206386520531978
0.8839727866125939
0.8920915406019224
0.9220654130804776
0.8744362427049376
0.8742457421477737
0.9082756176129985
0.8856025858769213
0.857371110535946
0.9146745310030293
0.9228267782893325
0.9641959465359478
0.8848564426324186
0.9311394857144359
0.8993622396049081
0.9155509428463843
0.9151230613514715
0.9506008300670641
0.9288204924185852
0.9086146838492012
0.922173263328345
0.9101297877466322
0.8779639335351762
0.8669963635104565
0.8866975245217497
0.8966825467376038
0.9047740198165833
0.8522250373043885
0.921115424266302
0.8611389891349025
0.8751068511342323
0.828855020434617
0.913582715962391
0.8956138361609103
0.9257706838159968
0.9083168767357275
0.9215462948109107
0.8159345208663182
0.9032533452177011
0.8757368238886923
0.8877771265845504
0.8521796929944433
0.8617646466357962
0.8535845794039638
0.9134438042848005
0.8387938220485024
0.9123674494943466
0.8961002289778262
0.8770444432173097
0.8131626873533971
0.8997254512232681
0.9404126925367864
0.8832326485978902
0.9184905772576862
0.9237709398046484
0.9161813102942098
0.8875336706413338
0.8978067530302433
0.9452069750785382
0.9272026147344532
0.8853652015478345
0.8971566507220398
0.9123716519049442
0.8832444518369565
0.9197418761533075
0.9353397172422042
0.8694328323717964
0.9265321501004846
0.8699849821847596
0.9274200992192059
0.9235113121345859
0.8856570390894692
0.8746269926730831
0.9280904315455794
0.8878964364637282
0.9063387131162808
0.9028951720072068
0.9327441910386919
0.8824561909809612
0.8101263878245056
0.9304422283312508
0.9280989330221704
0.9455243065632891
0.8977666041796828
0.9544332004348123
0.9113928041099489
0.8628144847148922
0.9264018014887178
0.9230454376486127
0.8937510442387929
0.889677815105702
0.9651845117292567
0.9189812555575535
0.9138735696329302
0.9072036177120506
0.904801710118063
0.9684838203437826
0.9506798857614295
0.8169171542094508
0.8262836256350372
0.9859813231221292
0.9582369368782431
0.8527524799981275
0.9091057392273534
0.9021585579508515
0.9562248241760782
0.9246369373804989
0.9118716565511094
0.8995286470926966
0.909208218943135
0.9285564032730621
0.8616277967297413
0.9289908615396376
0.9386447522224916
0.8998615309573716
0.8835765160467914
0.8782910358301937
0.9002778124945979
0.8880928185276328
0.8775693544924812
0.8656353800130813
0.8874588104576342
0.8537190803635288
0.9198589184096577
0.9354722208224979
0.947885225714757
0.9466592920326422
0.9221173285442832
0.9216162227110823
0.893540180069973
0.8807253501878951
0.8754765518688093
0.8649051788595162
0.9448349068268027
0.8950961618320199
0.8986088647716715
0.8678540154549026
0.8693850751472729
0.8688740811769031
0.8847283081087838
0.9170231248607728
0.879385051123368
0.9007290759731825
0.897257046847117
0.9352831058598121
0.8733625110586124
0.9134719048285455
0.8829143375719745
0.9593825413357474
0.8578968508502058
0.8861594840131973
0.9605132497234377
0.8870704884765326
0.8837147876297553
0.9162943799326793
0.8822899303953416
0.8912183845981163
0.9321919539529605
0.9231046416343087
0.9012787829553982
0.9328935743670835
0.920458928947697
0.8810236952358969
0.8822719940242063
0.9023292595542363
0.9239628496717448
0.8736837233789944
0.9702378330187631
0.9521465264513583
0.8876458028432288
0.9342785623216416
0.9126520661893227
0.8519227458608035
0.8958452299207607
0.8941651089365227
0.912562380229874
0.9107792548068585
0.8983759650860422
0.9143513471603244
0.8983126127738311
0.8880030182303352
0.9007716074638201
0.9038728382548463
0.8017214842549244
0.8429965812635881
0.8441649943140426
0.9074527507867359
0.931298367247515
0.9436897051529105
0.8883665185928948
0.9066515803511734
0.9216166742976315
0.9048653623163577
0.9213241140659129
0.8915228541518436
0.8312860775630418
0.8606570254292382
0.9327016888840052
0.9570441996803336
0.9139052506545425
0.8621257150196505
0.8469704715848081
0.9250883218201721
0.933953128389869
0.8656355939217542
0.8543551244618455
0.8469972625274063
0.8897729666713396
0.9033897353819228
0.9335029077061399
0.8519064502937029
0.8578457824564155
0.8907406180186132
0.8856599010979441
0.9412100239628903
0.9466416361627019
0.8415822143598495
0.9589361961784761
0.8897091357438055
0.8632367763775711
0.9024494535297686
0.8712842640110479
0.9176522962158108
0.8943830265398061
0.9001144238349613
0.9161848988810756
0.8647634284337735
0.9262790700064056
0.9170298906230043
0.8504991900750801
0.9493494728795394
0.85954087991621
0.8769334251600317
0.8764468433151804
0.8767602487236626
0.9153578602866527
0.8921152231297874
0.9053403758936196
0.8676642049916468
0.9192044017753608
0.8808693468655505
0.8839246754508538
0.905206297609783
0.9398428859297581
0.8834301535477836
0.8821745053321508
0.8714316874369528
0.9273609808225572
0.9422011979024725
0.9045765196499875
0.8850661128088313
0.9146527972663816
0.9471258817937374
0.8984963895938456
0.9198151904265903
0.9375281558726486
0.8595532942349683
0.8717031265487788
0.913049128035952
0.8924215186064611
0.8849120504817509
0.9250326131249946
0.8820992232398949
0.8851666550694116
0.8854518756639405
0.9274884919136935
0.8932067645681815
0.9160106562757414
0.8704886288566092
0.8983603176916222
0.89586308616797
0.8951451584852123
0.8554952774067225
0.849433499258883
0.8723196553744442
0.9192318256357006
0.9446929320799539
0.8877027994971763
0.89215331414924
0.9113288460570513
0.915473492752206
0.9153085059043663
0.8977773029205346
0.9202601123034023
0.8634022350136563
0.9398580011710718
0.8965338891509803
0.9499698001609489
0.9085358037033372
0.8429974534283531
0.8760755155007459
0.9090263691719009
0.89402857699624
0.8707510958701461
0.8846417899259746
0.8836071269401539
0.9005357363170018
0.8636890698018124
0.9114732526426641
0.9435828134279781
0.8723796942741932
0.8739710608709782
0.9235751587167966
0.8830645419521711
0.8959278679262774
0.8867031270362846
0.9330281149293426
0.8920735090768509
0.8933077598967727
0.863082667539963
0.8927148911473217
0.9120187595992353
0.8794269315376766
0.8742337262701939
0.9082086897386519
0.8748861413774578
0.8833504546723976
0.8968592016097223
0.90431589375938
0.8461589481655865
0.8508335707359748
0.8456379728356643
0.8918882662205725
0.9150672278798785
0.8959340285641582
0.9094351001247872
0.934202810314658
0.9622270926026312
0.9063388313062386
0.8667695554140321
0.9070805010635197
0.8945249805190413
0.8695912192129993
0.942425625888299
0.8555424900680061
0.9188956314108853
0.892477949523913
0.8939812440636343
0.921307166213068
0.9469248590534393
0.8764100719349198
0.9019398199983849
0.9299979642255983
0.9033671819871701
0.8847990788765999
0.8498726316581863
0.9501196154087473
0.9116183135403707
0.8958506787741359
0.8281649274271667
0.9326031692136303
0.8853796837390959
0.8877975340461906
0.8872734949532736
0.9416187366131842
0.9268026083983749
0.8960172847461665
0.9436562476117374
0.9444368931395511
0.8862055663171459
0.8912117802111094
0.9112659409778122
0.8973636634561941
0.9086012300293274
0.9243216666528885
0.858187670436705
0.9329282662167717
0.9353012420435892
0.9231331765973412
0.9387034375642309
0.9470078647439214
0.8967670398118152
0.8986946086409281
0.8926641686463692
0.8969997779268913
0.9234784505365727
0.9440302736320001
0.9179674019418638
0.8976809191023504
0.891222804529992
0.8596131528666595
0.9231064626994474
0.8677767964676879
0.8893045487481541
0.897706766782
0.8711754848941212
0.9395736954734951
0.917078639299286
0.917026956172395
0.9563723093370144
0.8860022451520648
0.9182956530355597
0.9113833742623044
0.8749147773187491
0.897299440508261
0.8504641978596745
0.912385487229712
0.8857815729440287
0.9020201872096046
0.8760735971861577
0.9092029624845125
0.8799648303532401
0.8341939252655793
0.8753144531135
0.9092634576672967
0.9202490028810668
0.8949656107336589
0.919136805952436
0.9317677228238451
0.9225699018293619
0.8622236092106954
0.9440992814971869
0.9147722952532943
0.8919765520049809
0.8873881221833824
0.9098226596696696
0.9652928923393411
0.8844272393362944
0.8935274781086315
0.9350566754100595
0.9474274323137322
0.941295036481674
0.9799134048466531
0.9215579995487475
0.9023430797791353
0.8839485732536163
0.8967256351779939
0.923365091797303
0.8493500194661591
0.9099398749134071
0.9432954780837195
0.937862663853087
0.8772597488339302
0.93744738419183
0.8826513334034941
0.8821965975535486
0.8961361972449324
0.9091764297418765
0.9184233012418321
0.8501574466416576
0.8727788117123518
0.9259319573826166
0.8640100174064048
0.8964745781790456
0.8989031283237426
0.9434784713277216
0.8718750287936867
0.8754491408327626
0.8693974300998447
0.9105413337544028
0.8926191492259159
0.898953140856892
0.8322180357477185
0.8828165198463777
0.8958456258925006
0.8647742949374185
0.8303865525068505
0.8917430687537378
0.9254929449458149
0.9493592844909446
0.8991291285644035
0.8451079096104409
0.886209826373197
0.9441413619462043
0.902454679257465
0.8934070475655445
0.9444977338233438
0.9149990576858048
0.9004412552493769
0.8684437456811172
0.9391968986549667
0.8896814157022869
0.8408924661101883
0.8990254519378454
0.921445406031931
0.8919836498653317
0.9065271817166743
0.9466380847966447
0.8633003939127257
0.9330694590253892
0.8938483724145334
0.8318021196964303
0.8222160824811038
0.8771800397586542
0.9519048103245729
0.9190063861033256
0.8675893298253783
0.9137439823789436
0.929422742704071
0.8775904106851158
0.9062170012196501
0.902185639566834
0.9386894033582185
0.914686035181815
0.901358005577274
0.909119563577549
0.9219208852233959
0.8958296702619091
0.9197184403613559
0.9020984562100886
0.9002188968511541
0.9167987380044876
0.901736771479561
0.9041859425432534
0.9075031081970762
0.8906895008782527
0.8883608056506748
0.9492156841421792
0.9035467208457003
0.9491192249917875
0.8746199271334721
0.8446542066733917
0.9102019117934349
0.917984542747089
0.8070822660260809
0.8512941055957285
0.8965287878841387
0.9325942177717373
0.8834895290093261
0.9267986036681498
0.8910724758124111
0.8886712507058491
0.8978090359211562
0.8869309574718615
0.8314195092724341
0.8815257273683909
0.9028263305944724
0.8410115727608768
0.8906419072540496
0.8964742619770656
0.8883568411143348
0.8808729525840753
0.9054476319487273
0.8905601481731799
0.9844922141917485
0.8967280138297559
0.8651129978359104
0.9255099507504877
0.9098054182211073
0.9288089941897486
0.9330681480132339
0.8732409180049937
0.8852535533746176
0.9566318960662474
0.8848942883446775
0.8872293775884073
0.9021788813991168
0.9104315345603587
0.8998003922255333
0.9202498959623968
0.8814263907451534
0.8731334837523838
0.9442037986599118
0.9130777488311805
0.9081889127285534
0.8884992590144523
0.8982098266791269
0.8433405981328981
0.9369388263501166
0.8897721897585981
0.9061876497845018
0.8911298338985173
0.8428311788097218
0.9133679093609347
0.9460993897735783
0.9191868764476055
0.9115004266249527
0.9096824652664617
0.8727058777769363
0.8741973834409695
0.8913398299215161
0.8968288000558863
0.9234865215946135
0.8842268023400202
0.8894930554953691
0.8921771700118767
0.8701540476942734
0.9422344710186986
0.8134580053072082
0.8608484932383957
0.8872927310346247
0.9356923600739745
0.9461232440933465
0.8709233261965589
0.8738945608144966
0.8748816338282303
0.8876313016744544
0.884959532720648
0.9431585770267121
0.9068287591638542
0.881006624461356
0.9363683635524713
0.8721646652007735
0.9017595983458696
0.8890517767242861
0.924276239850112
0.918470324503969
0.903156398981023
0.9169414167224982
0.9126718246144728
0.9020109092391199
0.8781210641892693
0.8919706996845322
0.8954208974376086
0.9497333618635011
0.9425502448669629
0.9371441661288794
0.8889158929352095
0.8855051274944006
0.916087844884599
0.8771976213429657
0.8453440612873805
0.895882846302516
0.9119795608913044
0.8662429944779971
0.9093700350380235
0.8678420362711384
0.9273592557731389
0.9049306065676572
0.874977017990585
0.9345534977751779
0.8889992526040407
0.8682038038490841
0.918467628962611
0.8923279172502202
0.8722974969087267
0.9368459310098081
0.9241456738020859
0.8753441973034235
0.8552750564847057
0.958078277061261
0.8600053983493693
0.8530698444196075
0.9255109406875853
0.8687364412961379
0.8815736892113881
0.9187443997838269
0.9099179050578257
0.8710102605886192
0.9071471064276475
0.9169188036232647
0.8707618091515625
0.8810146838444234
0.917222695922142
0.9236673814726054
0.9026211830031277
0.9118272635062097
0.8770546607976821
0.9005830736737508
0.9316580398297111
0.8760506047260902
0.9659315208313269
0.9135101114118729
0.9100656909871274
0.895419912764569
0.9302341626845939
0.9295367411976272
0.8685931350461996
0.885781204674019
0.9317667751343951
0.9069240322180365
0.8946812296038528
0.8985173037762554
0.9309253960071642
0.8884818312094769
0.9735892874457786
0.8832115141337469
0.878107496171856
0.8762619717909804
0.929367100940437
0.8648871247432752
0.8935997446291379
0.865328346358795
0.9180401909589988
0.8991816589156434
0.8397605678688844
0.9103369698412725
0.8805075810818551
0.9123565404407487
0.9090304331414911
0.9145050441877987
0.9124767159265247
0.8967331945331903
0.9591109953043284
0.9421880259569085
0.8942031719679444
0.9195447818180994
0.8999072726077993
0.912942301351908
0.8493412940291379
0.9099231784877588
0.9374954668782891
0.9121279297949827
0.9216139374076504
0.852616441142431
0.8923657802045839
0.9723565662278756
0.9174684834561531
0.862066883910997
0.9330860295219183
0.8814212994067643
0.8875325173192353
0.9180370212399643
0.8807380593288354
0.8860614966960564
0.8872656218094193
0.917048097951909
0.828865222031236
0.9405066929595367
0.8671921921207204
0.92022783285608
0.8692491255928948
0.9205542576573056
0.8898434450809708
0.883872393015165
0.9404114716565344
0.9066165133801972
0.986976035324225
0.9482352055012933
0.864822677636659
0.9188143968784087
0.8794409468382816
0.8821529668053083
0.920495949999728
0.9086366595630044
0.9165281192348551
0.8890386076743811
0.8843065131968945
0.8963329424557226
0.8773051518469206
0.9311939973679765
0.8961261531946186
0.8547297423293513
0.935726367730717
0.8472743075543921
0.8801814565319177
0.8855304182634328
0.8639334031502528
0.9522797925792534
0.9256896894191666
0.8523669923650489
0.8553323417091281
0.9036208910654187
0.9076638454377852
0.8618614401763763
0.8699788367297246
0.8834706529840896
0.926620343183103
0.885643201903823
0.8790254487326493
0.9024102369052891
0.8928483955209001
0.9065088256512758
0.8954305421364865
0.8983136276800117
0.8536301018311165
0.9166826724094355
0.8358601866744872
0.914452333922065
0.8921413090051584
0.9433634788249952
0.9053591438956965
0.9108184361421933
0.8667460314827637
0.9089676805249922
0.8606102199819031
0.876959296545529
0.9267942771245181
0.8782398351239538
0.8968997364606911
0.9373062300971586
0.9292175855347943
0.9229098868083343
0.8976132772530611
0.8988276411546455
0.9078330508441455
0.9022871970103705
0.9017747918170349
0.8902902314953804
0.8906898742724018
0.8765734173740749
0.863964808866724
0.8982321896094828
0.9514462285340071
0.9026956505485615
0.9197203310672086
0.8640776468612574
0.847166031169387
0.914993945834816
0.89787987973229
0.9179970023268922
0.9729493283800513
0.8725418593998937
0.8827553978362811
0.843543192286358
0.8910824816334607
0.9180706365843986
0.8847621662386711
0.9031069194012638
0.9050699815419798
0.8907011840123942
0.8822799661267038
0.9319599397948944
0.8792821105563904
0.8687086099141275
0.8985920209491853
0.8902120837906924
0.8913123872989672
0.937839356331475
0.9267545354225089
0.9020527700749048
0.9316896220898624
0.912366492091971
0.9469061673359169
0.9164811824593692
0.9253883672542438
0.9501933053588745
0.9074836322602609
0.9035444244570463
0.923747030203134
0.9384736667885744
0.9201726752815123
0.863128347595353
0.8995912877548536
0.9162040113465054
0.8906469190543378
0.9203394241224219
0.8880663399042105
0.8782663725074705
0.9703063830610361
0.913517910753563
0.9136254996476728
0.9531969431105864
0.8887899097144214
0.9169193884134385
0.9109302163994693
0.9220455832402741
0.9151710055116756
0.904371838797069
0.8362310888844108
0.8853238274451034
0.9132609874871292
0.8984319910578128
0.8985860617557383
0.9015404840183704
0.8991449397825788
0.8996829594980174
0.9004486698683439
0.9647049296934259
0.9054598433770328
0.9169502561174584
0.9146799917853675
0.8713090922248513
0.8794324293336152
0.9419819244355415
0.8891041448672755
0.9389071880136329
0.9053913732537267
0.899918981659524
0.8809707639128904
0.8648076060674181
0.9309741404271874
0.8817911844192103
0.8472108854590632
0.9086956159535743
0.9535706043048447
0.8820924768300064
0.8986306171336578
0.9595305569387028
0.8536442637982261
0.8513912130748231
0.8971683514291963
0.8761767659747579
0.9130977840363913
0.9053596554798624
0.9083152901682199
0.9446268323095058
0.8832203769468222
0.9654025133893889
0.9098906122406486
0.9536560561243846
0.8793103223395368
0.9190783358865903
0.9066611157883727
0.9229274151880251
0.8690200362157869
0.876508726409445
0.8955768728751049
0.881653226104702
0.8874742387193075
0.921139385606436
0.9862336416599948
0.9019001040822517
0.9392644422415076
0.9484297257571946
0.89258536588878
0.8845236403230989
0.9181195800606637
0.8843415334976967
0.9043820920983144
0.8755762419014628
0.9117921673132438
0.8927209592426948
0.8561563217168129
0.836688655141588
0.864052453523111
0.8956482495011953
0.879536647714668
0.9000851283810465
0.9018162803950096
0.8975538812604122
0.9026887490763092
0.9332013547846071
0.9156050630250505
0.8839606361304994
0.885545213562321
0.9035956291224784
0.8924645758337151
0.8672440422406559
0.9002864494097461
0.8751090276583222
0.9056755447100096
0.944779552163565
0.9149147491283314
0.8612293860531128
0.8744391502797948
0.8951169291861524
0.966917433658038
0.8826264738810122
0.8528936797309763
0.8671829596496294
0.9312476106524405
0.930773856323495
0.9265411708192148
0.8995668135759919
0.9154372516752131
0.8982897839806439
0.908029814650517
0.8947091176504592
0.9055653512689384
0.9165640681327035
0.8973690871442122
0.8936407735953309
0.9197706592537305
0.8695869880182716
0.885145634638101
0.9016423605026015
0.9400495376709863
0.9285523280807013
0.9082745289172347
0.8321882185252583
0.8884485635519619
0.9356357415136662
0.9199980247323274
0.9649926852915541
0.8913960624204612
0.9196621445746492
0.8825205258969733
0.9120907086086828
0.8881644217917087
0.9260714715340083
0.948013996324701
0.8967107644284205
0.8794756140094442
0.9208978667844779
0.8929318240390897
0.9193077431384373
0.9433811577512169
0.8772938613554712
0.9041532917913354
0.9169531837934413
0.8759385724075913
0.9044406196139239
0.9105512653903254
0.8292374604242176
0.8976450512963307
0.922010166008694
0.9044784771768573
0.9001277320321321
0.939001475859959
0.9170124758433054
0.8881438115470477
0.8706674687423592
0.9251350136731933
0.9170798564825482
0.899209964400429
0.8505331516330389
0.887728899943608
0.9145641057728724
0.9060862494951775
0.9495958935219552
0.8893168006415212
0.9172925032579439
0.9009326817939733
0.9077398663220401
0.9480713495671272
0.9095768069491519
0.9916279030895329
0.9042695943583102
0.8579499067883218
0.9328150321738635
0.8939668087621703
0.9564464963116053
0.8839560595916729
0.9250562509307743
0.9464166712544726
0.930818106979561
0.8565366834781625
0.9058973814587523
0.9389299007170572
0.9051650020913679
0.8432580932983571
0.9014060686908761
0.8317101766213864
0.851838843164649
0.8820575431456655
0.9094649753462324
0.9057199502928499
0.8427109216156495
0.9298731236181711
0.8647895506816506
0.886549578067896
0.8534392491012114
0.9047908847180106
0.8681224497153245
0.9006157132358535
0.9136006051671439
0.9079904768304948
0.8841369657913497
0.8925984766249327
0.8731100580557956
0.9012611803864301
0.893515140814542
0.8742827330007938
0.906566176072369
0.8994967017787705
0.8676166507838105
0.8659367320059372
0.8665532393715841
0.8665867714570827
0.8942526089904377
0.8777214460267139
0.9321663530687501
0.9408786656849002
0.895061172948482
0.874608821232056
0.9343985660249814
0.8556570327456342
0.9045740582897346
0.9484747008005819
0.8965671483451326
0.8464814382757864
0.875952331284822
0.8980751925754499
0.9159840098404112
0.900354293849678
0.8810450185217659
0.8590550518143183
0.9591406505297503
0.8598583473571906
0.896355151420039
0.9022004026667113
0.9085241375470677
0.8852753888761736
0.8700632734948874
0.8995364659317505
0.9016777697645318
0.8979117113117387
0.950006243478516
0.9005478335114454
0.8879188255295689
0.9187718778029863
0.8933988199362706
0.9073882179376157
0.8995001133282157
0.8868388406024843
0.8699864791079417
0.8321227445600373
0.9122422666293772
0.8718802595428735
0.8989685032603213
0.8937689269871233
0.9247619179816675
0.8583254990417044
0.9103736161011791
0.916165881153261
0.9030655578365375
0.8708191204964336
0.8977354898621083
0.8650457536824074
0.9403482307856228
0.929643098302723
0.8949223092870109
0.9038118481698832
0.9151817857915404
0.8880088461450959
0.8774952079558814
0.8891840122371376
0.8959358250844581
0.9750367846856771
0.9445332380456588
0.8516998822324097
0.8862910787824532
0.9067163656479275
0.9040465644475946
0.891669541046882
0.9156504403534539
0.8792103271999386
0.9044486806053832
0.8960305273880799
0.8914743330416715
0.8972739064873911
0.9148216548582847
0.9239805363095835
0.9244395198474832
0.9088993986278032
0.8772143327909072
0.8864456384373338
0.8437579464524657
0.8951597054413981
0.9404179637268978
0.9138299971885111
0.9279154985857593
0.8702757683898165
0.8967365706492589
0.900726814583728
0.9064599703253522
0.9235096972376843
0.9101318097784127
0.9065149884139646
0.9580661407819693
0.930778831409926
0.9242347817652926
0.8945997639295878
0.8955528666520294
0.8933059755653721
0.9219512171180758
0.874393632833559
0.9082472890242851
0.9039336319266805
0.8519034310492369
0.9614638111483673
0.9439278569046676
0.8927590311102612
