0.8376135345496323
0.900891826244084
0.8778108807031004
0.8640958162094592
0.8514110499131107
0.877143109208551
0.8298235485855758
0.9141806908086699
0.8515277231553384
0.8573473525149244
0.8247381131621909
0.7996292800529715
0.8517109429320436
0.8458240892297035
0.8222515191065325
0.8496035955568673
0.851890443277779
0.8509776107602681
0.9035394898986638
0.8910448536116298
0.8442045593186168
0.8522916020010642
0.8238895339224412
0.8584956737407999
0.8269407895442876
0.8267275487723973
0.8291189324028185
0.8052015895896945
0.8325160441601827
0.8595800352573417
0.865278222674293
0.8430839529132185
0.8834273868246425
0.8577697624429763
0.8827496874769187
0.8368792561275601
0.8095437149189578
0.8482372712998488
0.8310377230885136
0.8519033334865816
0.7899484352343837
0.8718066863933888
0.8819618791821233
0.8837534311278407
0.8701040593625132
0.8429767882950966
0.818415132279452
0.825266589479464
0.8398591777620305
0.8378972346644703
0.8494539791028523
0.8662740760627017
0.8199547650794948
0.8379022010914181
0.8700504119010106
0.8150434510650651
0.8451065484934445
0.8249832625712148
0.8529315523492044
0.8887350755220215
0.9061186816836001
0.8570265695503035
0.8488308938775633
0.8547825723275333
0.8693796712535918
0.8423448613260358
0.775259372702218
0.8923723167069262
0.8605741546585619
0.8122743349176932
0.8835465682437523
0.8895301632625807
0.8479135356815999
0.8518212728037649
0.8776675077261356
0.8433925834239074
0.8570700027652322
0.8517476302636812
0.8181642300202869
0.8473016637644621
0.8075483374010105
0.9334397409371034
0.8576317304696478
0.8455799195698165
0.8387846597001881
0.8530437686249845
0.7873739305725228
0.8464750662920328
0.8510189660897367
0.8633266766231319
0.8132926460813091
0.8055837136847654
0.907159613420127
0.8565458815458713
0.8766665358237022
0.8171525029389859
0.9006422569440242
0.8560029264677188
0.8101227972518529
0.8154662699363117
0.8332573476814158
0.8392967077464502
0.8495381094895564
0.8403653237453981
0.8573223887026254
0.8033315723792546
0.8661107696127569
0.8651596918139749
0.8404829869736944
0.855066761718744
0.8667210169900965
0.8771387648839051
0.8276030501888451
0.8470529408240236
0.84742594447007
0.8595731611086758
0.8444882189529073
0.8275721899532094
0.8625242811717987
0.8540240244462214
0.8207919246176839
0.827333515058293
0.9049757897648939
0.8995951922222878
0.8848519588014497
0.8988358301645316
0.8420560063570763
0.858822725134798
0.8080368817965367
0.8799849784231671
0.9008927999005892
0.8867988305144847
0.8200670255025871
0.8622735900076021
0.8820076804286915
0.817898252987685
0.8938193936057677
0.8639955908707756
0.893972644246545
0.8421071854423086
0.8254351630091701
0.8007645354766426
0.8763785344570726
0.8613082051143668
0.8744166006578385
0.8710187328130561
0.8412553731787848
0.8249397185523752
0.8558781760293912
0.8453608281650948
0.8383215490123593
0.8392904989123748
0.8763683525866564
0.8918496860854244
0.8479605796099078
0.7846681544840185
0.8428177871556759
0.8301414227668967
0.8168623322229266
0.8902850383124064
0.8208203881464
0.8025896382878291
0.822904868653945
0.8672332219247372
0.8216151456266104
0.8510563640578576
0.8102752955636072
0.8197524453763633
0.8408302701425876
0.851688710284641
0.8716515586323625
0.8205290807124016
0.8600748391568653
0.8346079830150482
0.8278843799444587
0.870637169295706
0.9039609757247444
0.837163969496627
0.9267506961690781
0.8255029575591596
0.8689419417105103
0.9196633398324693
0.8689675991957446
0.8227361598097918
0.8524509649547003
0.858204299147175
0.847005062776387
0.8168888204828386
0.8780010937170458
0.8602730162373743
0.8925418986968351
0.8374114259308939
0.8929245075796982
0.8759341302149358
0.792268717760704
0.83450712733392
0.8176780329960881
0.8479279688075382
0.822756059563896
0.8555500261941036
0.830192323083319
0.8851038551208085
0.8732960727348613
0.8866083964440252
0.8691256539448472
0.8557794494229621
0.8019980149559498
0.8513484810786327
0.8728889514725857
0.8491207071197234
0.8767176580757272
0.8104226464595697
0.8257393882566729
0.8705605800006412
0.7959516744026236
0.8360769766334708
0.8679098899781819
0.827086772584174
0.8743253112577422
0.8664486130757241
0.8567789149694685
0.879196656235515
0.8776625360500838
0.8432455973296342
0.8839748043580419
0.851757125711975
0.8673218768475232
0.8337457555208968
0.8126485701740817
0.8525731265425229
0.8419082727528838
0.8149550138993475
0.8814239298101438
0.8512348120125653
0.879582560598971
0.8160612949473879
0.8595357809547469
0.8299678399878526
0.8464464236548574
0.8757120179270538
0.8646660947429138
0.8536469506116219
0.8812016457027294
0.8700681365444377
0.8450279060000372
0.8740947337749795
0.8558375822506415
0.867115897302851
0.8571982796439985
0.7827116790620526
0.8495878276991018
0.8498615543204425
0.8585887242070153
0.8417300731825267
0.8772222503390702
0.8258075492371414
0.8308597972790769
0.8514776489904987
0.8402474305282064
0.8376400364371775
0.8693980452711255
0.8651144737814779
0.9072693997129937
0.851511344564425
0.8230789460333924
0.8724218452220659
0.8274877301895878
0.8346260911519526
0.8061101140032743
0.8423838675259578
0.8464026106246192
0.8428572967591474
0.864231582329634
0.9077915250578968
0.8622340664189276
0.8848615898877832
0.862465402227368
0.8454897696713015
0.837227046089055
0.8645991052065849
0.9146096085010267
0.8551528106607265
0.8798355986496366
0.8449466628860072
0.8686981270978897
0.8245290871515416
0.8456138991281063
0.8617453901271745
0.8174313892928433
0.8681788231324559
0.8346341777012729
0.8341617642623775
0.8301444550983788
0.8676755501318327
0.8421244884332921
0.8567321607241247
0.8196651680410231
0.7952232058507498
0.9051726645488044
0.8366638245578027
0.8547534980871484
0.837456261226783
0.8179607099972477
0.7863202912556999
0.8676391885348942
0.8189621018179478
0.812574572486754
0.8861589469452179
0.8295520224293914
0.8407697701960725
0.790688781589326
0.8591016464303367
0.8200274668340636
0.8812217295743389
0.8303233407802105
0.8729567041326388
0.8447905414450539
0.8620646647857757
0.8806802427696137
0.8556114364738655
0.8303717216450037
0.817457925026624
0.8380406772688334
0.8213114279959626
0.871065381238675
0.7923257863502958
0.8049058357253729
0.8001639889458696
0.8126941953529412
0.8672759157511384
0.8344351357483974
0.8692791496475502
0.8319212234941508
0.8492320196625311
0.835593386436791
0.8618489459375723
0.8800617680414233
0.811514357933827
0.8426343586061379
0.8151541906200969
0.9199893128328581
0.8484868719264341
0.8492477956892898
0.8428761430151396
0.8202633256166754
0.8659387739152218
0.8118339961544645
0.8798003881445994
0.81059157899291
0.7747623920278545
0.8301389947003686
0.8121074196694956
0.8344738475569563
0.8228022495682101
0.8058725737284003
0.8484578723061342
0.8723788579121774
0.8749508745237056
0.8854920684333816
0.8606848448731237
0.8464582080306146
0.846550759749551
0.8548716442349904
0.8628936398596607
0.8560425396530384
0.859276161557701
0.8668833534053966
0.7957885847217397
0.8539634043421317
0.7890486240331475
0.8291516290541124
0.8206974127381924
0.87757165761353
0.8254845614965446
0.8455195513522046
0.8328045697903949
0.7991164044295526
0.802923817057204
0.8246042217640275
0.8693921784531262
0.7892574775316586
0.9185343340482284
0.8195116770687438
0.8583086658121766
0.8324229364255811
0.8244762468494671
0.8533164427957681
0.8632811369563754
0.882987266330671
0.8464484299496028
0.884295126479392
0.8976694719201755
0.89922917651022
0.8259377983140613
0.8823016734775594
0.8458989422946281
0.8769253232430516
0.8973082238760837
0.8421529700165967
0.8567077013550977
0.8027367454541913
0.8179975624881536
0.8268249303489684
0.8738070161509072
0.8246477900214054
0.8251119802707471
0.8222997636839381
0.8801809005008507
0.8618174781080516
0.9133710870613546
0.8204802464300914
0.85817380319688
0.8405152029075527
0.8650485276926428
0.8407409014008302
0.850346215325069
0.8219060651829118
0.8248715281962516
0.8832778062661404
0.8007762956193578
0.8791119631571794
0.8483520950259592
0.8907870458728292
0.826818461709631
0.8886817224327794
0.7923706533347434
0.8792928687332328
0.8888165407094057
0.8530546211796516
0.8941571101620368
0.8586317415598551
0.8298741536384971
0.8685501967883583
0.8336635184817744
0.8298877278871039
0.8643097575916895
0.8436613828322758
0.8545475629543072
0.8416087542657982
0.8522716181639668
0.8954705139639244
0.8627679844455076
0.8212082479948126
0.802422816599503
0.8309914655367778
0.8952221486884375
0.8818518947367123
0.8913291876155085
0.8408129267146298
0.8321686598419737
0.8421985568457286
0.8345632906422072
0.8541038279630001
0.8653679021829596
0.8196564918264106
0.849033350233854
0.8732216662062898
0.8371464651442898
0.8957830232307156
0.8383216780075016
0.8314612614099344
0.8329484176464201
0.8554198652549397
0.8857528051671786
0.8447345949279886
0.9115967647779241
0.8444818548093725
0.8574265299052779
0.877388834707827
0.878450999546604
0.830339143297578
0.8448180156525454
0.8883825269814488
0.7933115167686136
0.8685922449609713
0.8503667252829913
0.8500897210451186
0.8098638371983273
0.8138076495151548
0.8469277613195632
0.8400636145602535
0.8312724616041066
0.8028512908023058
0.8821460606617448
0.8644605304406587
0.8326121596985419
0.8136006690493582
0.8374093748401809
0.8118974008094442
0.8653869630239085
0.923419776208951
0.8743726828893814
0.8669953486666709
0.8272536934018143
0.8134964083005791
0.7988055956546386
0.8764797744323481
0.9004788269800944
0.892421166751425
0.8595586194046537
0.9039055904855583
0.8692411978475859
0.8367729424882278
0.8290783775197682
0.8425310517050806
0.8855751828825836
0.8368511663636037
0.8082340980247639
0.7983860068573715
0.8675818228548383
0.8662100091093619
0.8512978316454984
0.8250258422687571
0.8459058764920124
0.8545217393838153
0.8154066451615749
0.8445602012808333
0.8450194710804293
0.8191374254016954
0.8338665038852535
0.8288484794390611
0.8122998434048232
0.8315104028850467
0.8414231656002015
0.8488055950159533
0.8072498118757981
0.8698877519168574
0.9013868066155253
0.8908648042745074
0.8663278041907182
0.8423874855470928
0.9070626607197997
0.8558363776775839
0.8964244657918862
0.8557501934034815
0.8469059235311313
0.8474844508147298
0.8244174620849856
0.8626603073765489
0.82497274763896
0.9041433413258614
0.856078694460797
0.872721883685479
0.8391688010843958
0.8723174038900079
0.8237005747508434
0.8022405105844419
0.8740221568519233
0.8609461974192176
0.8487834076031467
0.8779946419204328
0.790027068402651
0.818651376995342
0.8328616323272032
0.8206543419529506
0.8597078830474703
0.8988206825141176
0.8374430301918787
0.8691424667200992
0.8041843679771182
0.855091024489602
0.834352387931079
0.8716050465887322
0.9024988732060433
0.9031633187941156
0.917444025045581
0.811798012360077
0.8228091837068179
0.8710799391684193
0.8455371214009336
0.8789573127073456
0.8924121121820936
0.8656712962397886
0.8417200388899504
0.8551878353513842
0.8432931553205234
0.8058079849603724
0.8195454614187042
0.8527705829190749
0.8024384033924776
0.7881229720180819
0.8198177685529029
0.8254725146166261
0.8596772049659125
0.8747740823524962
0.8648135466825864
0.7937034881559808
0.8545062567309145
0.8641578470203686
0.8742855939678297
0.814367806809041
0.8639179817839376
0.8497064198034663
0.8614449695470933
0.85963484738007
0.8126790897998326
0.8682228903943796
0.82714536266225
0.8434926762385824
0.8208717244204331
0.8548112752650945
0.7836688086611459
0.8256621262826069
0.8682015814624237
0.8929722005631228
0.8662375688877951
0.8373750323030286
0.8689647732012958
0.8288044411553158
0.8817932492689522
0.9005256283514012
0.7969791474344737
0.8424420365741313
0.8340277579752056
0.877326371962591
0.8245657628172103
0.8411234132868226
0.8998842744908914
0.8286024969351418
0.8165037125552712
0.7996126353869915
0.8696297700349904
0.8742122438100899
0.8202373302842358
0.8773398036415999
0.8564131241761802
0.8395597974478928
0.8384333995747263
0.8649616169368842
0.8690413578241143
0.8335735621312644
0.8597178631000686
0.873234714136366
0.8819841432786845
0.8220426539007858
0.8621236751614402
0.8098842919995201
0.8000466008113882
0.8622456497409057
0.8260107995722086
0.8415249122480916
0.8419706400989942
0.8280032333392211
0.8813199286644761
0.8097902880831224
0.8512515141940584
0.8318127141463275
0.8009759237692795
0.8679205143883069
0.8378219345082139
0.8513848903772246
0.8651925459103332
0.8302556273029251
0.8631409662362066
0.8194499906471069
0.8589225737378988
0.8755232314492841
0.8187008097193935
0.861340666977585
0.8944846777697338
0.8181877695337876
0.8751750850155802
0.8015262217451691
0.8236124087864864
0.8817603500882891
0.8279527026534912
0.8399252542617951
0.8729083154610359
0.8900325598002993
0.8880017673633726
0.8404725497456058
0.8708130973174746
0.8149481977870859
0.8835009479734138
0.8581183471786981
0.8543127817868232
0.8198049391027776
0.8442903005724279
0.8372005448437065
0.8791764205310372
0.80386142818713
0.8297980853786
0.854324382499287
0.8354410009302861
0.8712506872187373
0.8675027968120573
0.8132043937757985
0.8618723886170951
0.8857875556368007
0.8665620213598797
0.8819811115327865
0.856274043632812
0.8837506781299718
0.8664402513492171
0.8825200644532409
0.8414008506990258
0.8870144818982861
0.9174448811900691
0.8412230861860152
0.8635506249571773
0.8250569863545267
0.8381092791531072
0.8064887175904741
0.8318987406192203
0.821652478765174
0.9004793327783315
0.8552777104868158
0.8576675845382428
0.9003700992547752
0.8854345015658069
0.8273392296989378
0.8376900741603006
0.8734737103551787
0.851823056401698
0.9290996146737125
0.8139189693191939
0.8389537386063923
0.8635121316425485
0.8504134783118311
0.8440720957873924
0.8976545193519608
0.8503809450243923
0.8286218649357747
0.8307535059287003
0.9059906963349554
0.8628164167183593
0.8802353562525804
0.7990375324583202
0.8380029427633516
0.7988849211021009
0.8357519958302261
0.8383729052775737
0.8440956541394666
0.8695123654388902
0.8238028462233089
0.8674731247461505
0.8338148966735783
0.918458070424529
0.8233276444164449
0.9046794320540059
0.837805049559137
0.8871274457935932
0.8855572023556264
0.8510475539547933
0.8429697308991431
0.8880618838036739
0.8659626970067273
0.8614069905565863
0.8850392999483757
0.7728169480143101
0.8399597379678201
0.7932939592604352
0.8574787048977325
0.8352112909460296
0.8135742875706946
0.8230083527931114
0.8370780441095017
0.8589850313313261
0.826511027341771
0.7997695873192907
0.8392534703528615
0.7995671527600797
0.8298588663934011
0.7941119829420564
0.9088728576758697
0.8140838819913165
0.8655610096376635
0.8535601021668854
0.8621664866771782
0.8772197990135453
0.8555025396235931
0.8347196659034596
0.8550607802626027
0.7973463342616156
0.8870605475699634
0.8257077352932422
0.8594274016631132
0.8901305985400323
0.8177185613034105
0.9121869821207198
0.895936456544581
0.857203521131648
0.8094213218274062
0.828375071789334
0.8667236578108674
0.8161793597395242
0.9028632356657889
0.8329795523760126
0.9197639353219138
0.8701944887718781
0.8514391934875845
0.8647576363159546
0.8512442301913521
0.8333427452960398
0.7911018240627959
0.900726623354319
0.8082852177655931
0.8450104932399596
0.8738382947948389
0.8476993504645268
0.916464610243869
0.839711767063826
0.8527630751395506
0.8344331376932771
0.871269008641984
0.8529930921458385
0.7900962085606702
0.8687202509190567
0.8258122577224737
0.8594622829394936
0.8617523199015207
0.8669976316870864
0.8728202020676044
0.8179087854724992
0.7978078497022655
0.8584736746491106
0.8247047609799922
0.888758398074167
0.863793384799602
0.8276151527473393
0.8263903822785834
0.9010219801485655
0.8341357307242174
0.7925457039718263
0.8311900742265931
0.8691497057180928
0.8561831194188441
0.8782577403643758
0.8838006473137291
0.819153438608836
0.8653651392295347
0.8838708552010162
0.86603600183604
0.8106041239177533
0.8556580177679719
0.8786128181889126
0.8707522200872571
0.797236013861739
0.8479433551793369
0.8051739624911904
0.8621087167778406
0.850743808801583
0.9010149731967215
0.8872156779142713
0.8512323681178939
0.8841238773816628
0.8630483343947031
0.9069395339947907
0.8786199324241922
0.8585941836788543
0.856652678247196
0.8616771329365234
0.7910456868650905
0.833736388199539
0.8790641870116922
0.7910610419548165
0.8440860080023956
0.8267262884805918
0.8492106480357511
0.8414751913024013
0.808719217337313
0.8771725453506721
0.8399902691539354
0.8335713464310225
0.8352145646677253
0.8919655344331555
0.8613370558699553
0.9065302260073637
0.7940375495519203
0.8564545979027025
0.8090359747231342
0.8485893397855633
0.8509285661815965
0.8637055556403761
0.8371960366061008
0.8872068245260117
0.8860153390866887
0.8355794123634193
0.8385593571904009
0.9021263577018944
0.8575621521068832
0.8803170251809036
0.8228362226575643
0.8607368758326625
0.8220295460431515
0.8655929624505104
0.8677149079244502
0.8817701750716517
0.869400818067711
0.8815940286647784
0.8815842867137048
0.9021138197221242
0.8276930439923794
0.7820489014464698
0.8379192941630169
0.7709683477817624
0.9104502319304341
0.8183799604115548
0.8302580758336082
0.8092910002532924
0.8544990375072565
0.8932360629331939
0.8763213026938268
0.8374547430014638
0.8542005198202532
0.8193710976184476
0.8674509273427374
0.8335587678390605
0.8420423697472643
0.8639336116271571
0.8309994302663087
0.8280002788791456
0.8795328824262395
0.8670899577663596
0.8166655329533263
0.8750461249158037
0.7941421314051751
0.8108700252356168
0.8186961479779286
0.9505640537706526
0.8368286413548081
0.8906465232395822
0.7978692933775952
0.8387797021680459
0.8410204689654934
0.8033456014365727
0.8103892219963572
0.8636905968915259
0.8758735184113449
0.8151090309147789
0.8468738734598802
0.9017432772234102
0.8583120100183423
0.8579666435287702
0.9188997007701543
0.8709661750430602
0.8049888421568832
0.8682559375729529
0.8344232179841073
0.8029548971114083
0.8437939837706087
0.8383752263854669
0.8589299165775728
0.8657164786573667
0.8863876993724713
0.8619019776705359
0.8716046131569274
0.8519505179008284
0.8355992323580224
0.8752959050316068
0.8443622635565246
0.8235586380745356
0.788260204734433
0.8092798908709445
0.8611624480894684
0.8559343306812546
0.8635846102073281
0.7971232102289733
0.8560918040185886
0.8542101685496658
0.8660952401900948
0.8353113449042688
0.8302464817890178
0.8351573700465034
0.8723462691472471
0.8081265497075074
0.8231674297305971
0.8315248902311998
0.8535209843780823
0.851081918866892
0.8290736292527983
0.8618187567918373
0.8535141901547025
0.8279731875418547
0.8560285937896136
0.862966322497919
0.8429086093281691
0.7989716665801045
0.8324813777507875
0.8526789568073114
0.8592778011495794
0.8518938574183758
0.8187573827882998
0.857434969124941
0.8586958713273845
0.8141822430799933
0.888521512040727
0.8682937397775332
0.8927524179925579
0.8578886496819171
0.8135143611717454
0.8324454979248426
0.8593408512085456
0.8226082166417724
0.8662297443495205
0.8778434382164062
0.8464070809181113
0.8705778408480354
0.8926298850821045
0.8239704010532893
0.8178979642817795
0.8033643991469441
0.8375908622429463
0.8288824571662909
0.860801477646571
0.8499283619791845
0.8760989848386376
0.8050538077023232
0.8736947198696553
0.8665634425342613
0.8104772146664737
0.8375015915109475
0.8675615773277312
0.8410866605794161
0.8204668510801194
0.8800269614751058
0.8523774113634953
0.8397778754019104
0.8483831596004039
0.9011800593153723
0.875060808683214
0.8689351496519802
0.8733775154757114
0.8285066108510596
0.8801009951884111
0.8630206281357578
0.8399699603405724
0.7988912575604739
0.8102889086101012
0.8771387430331621
0.8371594769602977
0.8903735992278801
0.8256840955854717
0.8266218509272261
0.8132715035551474
0.8976458428024368
0.8708998231016308
0.793359006431222
0.8610814928316286
0.8990339398892101
0.8558219204695061
0.8461921999438081
0.8258046442312669
0.8465373226316949
0.8246123388407447
0.8049681398005877
0.9008522061706911
0.8461125298388807
0.823359405785732
0.7828044204978691
0.8581392376464327
0.8631895126191775
0.874982812958183
0.7968028699403418
0.846331249954463
0.8310299542425365
0.8927627030434759
0.8372053747374942
0.810243622974546
0.8177696681306523
0.8358344141962705
0.8560447580110975
0.8864182772035231
0.9050582970802734
0.8120987701448219
0.8469316565868031
0.865689672013675
0.8666848673210169
0.876561118449669
0.8167910610059811
0.7887399023405401
0.8569787248555346
0.827575166650553
0.8658540265676611
0.8303363659794949
0.9102604267828278
0.8660919645927965
0.8602189848801683
0.910455514521704
0.9086615456090927
0.8107674993415454
0.8168560473071811
0.8493517466259326
0.8201964899156433
0.8455986562724408
0.8571359147854595
0.8356226490891486
0.8762232258995238
0.8293394946937749
0.8979757090529529
0.8478482126378983
0.8631108430414393
0.8721040929049577
0.8893242346827531
0.8400577031784034
0.8561730943067443
0.8582375314911292
0.8226959124210925
0.864999564742841
0.8259615183976067
0.8342317609672514
0.8938121320854034
0.8145267059621385
0.8746760488183077
0.8752684676226129
0.8751585852388875
0.8539974327792444
0.9009118119882024
0.8552984527614589
0.8915907163781447
0.8936356690215942
0.810544763711056
0.8621338635281646
0.8844449823729348
0.8781600067611247
0.8851288739358765
0.8155378940491081
0.8437837885294298
0.8627080000231032
0.8399305134266424
0.852065531139503
0.866117997864312
0.9289199223108926
0.8240528448995725
0.8299725290326835
0.8667105767644818
0.8517229546007891
0.8624082289043181
0.8723587645338166
0.8565444879724508
0.8318734244335939
0.8954104655617865
0.8887522897930796
0.8755885515569117
0.8117510230000627
0.866122348265161
0.872806309532951
0.8466173429923302
0.8463254530796367
0.91170206261978
0.8848494099704639
0.8307034444228383
0.8329729300929178
0.8393484587117009
0.7984532643787241
0.8648672337781428
0.8846598435486104
0.8287968065813737
0.8403541651599303
0.8337688474794375
0.8546677048422773
0.7954572586394377
0.8376001092175673
0.8731716246017249
0.8142246658657083
0.8549665525691917
0.91031599013288
0.8573642652804062
0.8863494976403883
0.7960258770494563
0.8296259678657003
0.8455001240571014
0.8755450156172704
0.8496630735897834
0.8361991405438526
0.8575103725972328
0.8340433743780771
0.8096076661351006
0.8920517410616541
0.8999679365523726
0.8316097125479395
0.8575879171511812
0.8361216934859924
0.8703795354150485
0.8187293594539973
0.8316414783593911
0.8543693833369429
0.8314060123944863
0.8387101670590452
0.8821689741385073
0.8716534303333715
0.8552453085855356
0.8021219888021276
0.8252792815668223
0.841734565350124
0.8722154396927393
0.8887558540074557
0.8590188628374092
0.8228126338066823
0.8480007956379819
0.8725599174868549
0.8555032532983692
0.8634708295747212
0.84433116342722
0.822911469197998
0.7971392576038137
0.8087670606277154
0.8426293005036134
0.8791283725161776
0.8741341187587872
0.8421023114979126
0.8909093181980945
0.823409139906423
0.8833401892458684
0.8522065574717532
0.8315595902514
0.8366798220813305
0.8420488998045581
0.8014121370683479
0.8627957140908961
0.8503903701920432
0.8686546391814096
0.8035017098685929
0.9085492520347374
0.8269722881041274
0.8508027100010783
0.8474324570924298
0.8126511525485323
0.7922052556626198
0.8679900718139015
0.8665335317113291
0.8578040591288474
0.8667272622485297
0.882217198801922
0.8601750839111239
0.8266980981401325
0.8908480017038558
0.840019467303957
0.8102289835850525
0.8235434477789167
0.8311958256588876
0.8483508928954654
0.8684379842659976
0.8493985793754457
0.8881448261620448
0.8531351982879953
0.8090704366881183
0.9004429353872351
0.8705041923974456
0.8307726615514027
0.8887304549033425
0.8716205061827716
0.9022476242710191
0.795571420016957
0.8284315584064172
0.8435543497796943
0.8330701619875066
0.8986108525858644
0.8074740144533685
0.8109009510840052
0.8886576941453339
0.8893861103706204
0.8629667563764462
0.876303071774187
0.875477119755292
0.8884664617162791
0.801305030188665
0.8632423891130607
0.8589599044660992
0.847925123510818
0.8876075191106738
0.8895808116631432
0.8453255122344466
0.8909531606808625
0.8705615961921733
0.840428268550045
0.8541016310460182
0.8446229172601436
0.857141521853407
0.8266003072576995
0.8223201188394917
0.8913483799730647
0.8707616899693502
0.8295102908641799
0.8446658768561659
0.8875229391340226
0.8389630422687899
0.8388447966368092
0.8480004649286719
0.8735150354314754
0.8174808847468452
0.9248678700719691
0.8758451502480141
0.8824944659588038
0.8760678145049413
0.8138594680538676
0.8192479348957097
0.8272547419875528
0.8353822525917279
0.8665504864717234
0.9009255493242148
0.8725343644526347
0.8092875505042414
0.8434406783725968
0.8275630801542849
0.8792562952634534
0.8571304285344289
0.8492359494535238
0.8600205482222565
0.8339693145267462
0.8507960333842278
0.8410533322586357
0.872526106888034
0.8461971083729539
0.8907477659348513
0.8523275080157229
0.8483252253578328
0.8504495494792
0.8837345178200413
0.9084888926599992
0.8584660742553991
0.8832847480406205
0.8725403649794274
0.889635625498016
0.86396451492645
0.8248418668001068
0.8316778887205301
0.8850086866828022
0.8231024885863042
0.8193973998547704
0.8758296337195345
0.8410142100405323
0.779005441682481
0.844585753900761
0.8884550214763782
0.8342462546690818
0.8639856521166216
0.7871656511889786
0.8957338815807271
0.8692611217538433
0.8346406716849598
0.8427782298840631
0.8490509456285763
0.8643451269461919
0.7980969661923464
0.8177405449750609
0.8215689932164336
0.835755678145215
0.8446479484554511
0.8505062699270592
0.81121212925136
0.8527498703512023
0.8641434237736414
0.8234193999759958
0.8760900830682226
0.8519163670858686
0.8326762011305232
0.878062392376703
0.8540862658155599
0.8876508230822956
0.8833371512984372
0.8698957942458402
0.827167541296033
0.8500623384574016
0.8540915882077116
0.8739192545422665
0.8919817043158131
0.8571078846590541
0.8103418159561564
0.8621511499744132
0.8743174514680496
0.8324597903435151
0.8582924153204969
0.8824434716747064
0.8732632114075106
0.8479997115430232
0.8588152996546309
0.8507221870951742
0.8585474081229342
0.8366694996429224
0.8688112652021615
0.8729162390789871
0.8569136980097788
0.8171664641065539
0.8044178426198196
0.8011590881853897
0.811282603222518
0.8503461887252951
0.8789244403225063
0.854942773649832
0.8305030831084017
0.8504483876528763
0.8470573404188462
0.8603767561007697
0.9002371236537137
0.8336289304535169
0.8385785662429879
0.8314939179345658
0.8472857071200699
0.9111365380368043
0.8773205490797642
0.7976316937015012
0.8484579467928325
0.8419796867219086
0.847911036956141
0.8611298278709445
0.8511119061025573
0.816404754313665
0.8663369664872034
0.8166682277932219
0.8202598051235083
0.8250483454476157
0.8549436714256747
0.8057724051223206
0.8351433482025599
0.9113098685648408
0.8768603805480669
0.8282628404370406
0.8565769751998916
0.8554609818258152
0.8444911063671171
0.8443856440616387
0.8491924449033109
0.8319299967002097
0.8387794996316535
0.8542012180228459
0.8700113381769213
0.8635231580154468
0.8530681759125276
0.7961070121522167
0.8738902809625356
0.8428322549572786
0.8360195907249712
0.9065698689266193
0.8939442578290653
0.8394495045594441
0.8548480071941866
0.875001439596479
0.7996268813557872
0.8555038957327739
0.863951137914955
0.8341288435934718
0.8215922497546531
0.8597805698308166
0.8139892147638297
0.86805802822397
0.8630168229860224
0.8360538064149884
0.882374473069528
0.8930700754235562
0.8926624365028439
0.8117719560970468
0.857091414649475
0.8777327921674261
0.8940176068144202
0.8977245628354076
0.8600649016905113
0.8709727883998256
0.9319386443167478
0.8427450060840744
0.8185888272120768
0.9100447222919956
0.8538094435095257
0.8524922537225578
0.8243725993773274
0.8435036546269912
0.8244475456552518
0.9012607990434889
0.900567862971392
0.8203473993932628
0.8591675709546983
0.8756388690988599
0.848141564599752
0.8069525292057387
0.8635267209164149
0.8331196880663176
0.9114497098204021
0.8227621639857817
0.8882836054976134
0.7971815923709937
0.8497921141937019
0.8544440098832069
0.8683702277277707
0.831713819133457
0.8728664649067341
0.7895458317646207
0.8310727226939589
0.8244077878297668
0.8333118029781733
0.8680891785715895
0.862696151427102
0.8531007015145401
0.8725113212798874
0.7898554010711647
0.9000229891748581
0.8149887174269075
0.8913187569722283
0.8599322452392056
0.8833596580322243
0.8812935653345542
0.8295283768817416
0.8160791265086061
0.86414623532477
0.8542016931276042
0.8348761735309348
0.8558870032027145
0.8756676124894449
0.8468683247441416
0.9101832102605005
0.8764050854445797
0.8518811053205335
0.8700840256474912
0.8092092546433584
0.8908422011069621
0.8426190496369841
0.8431049062544116
0.8198560805930942
0.8174082514049025
0.8781335399875877
0.8173579668065784
0.857136561806156
0.8406802687939555
0.8137714041756174
0.8903609471857065
0.8861695099884932
0.8869839250195952
0.8751971326850011
0.8455069433257817
0.8626662794259947
0.8396011528355585
0.8958962640072493
0.9037232523751447
0.8257156092782787
0.829071642501104
0.892524696324286
0.8607894635204376
0.8396208032725472
0.9088963485176939
0.8481754878273261
0.8437934985538533
0.8777949138787373
0.863281922703413
0.8364046973961468
0.8648286039672969
0.8440241446140616
0.872426256888937
0.8665323484491084
0.8387457771403364
0.8642513451368193
0.8128899215827424
0.8049589524032223
0.834290865960661
0.8226244913732579
0.8472636771236243
0.8747910706393435
0.8946843891455212
0.8525811599518035
0.8352244232528099
0.8516023947633254
0.8396163317290426
0.857493062601029
0.8259911782766893
0.8502286703257774
0.8267082028481636
0.8314074983881035
0.7911674916900414
0.8734759085868736
0.8564033164419748
0.8471054322638624
0.8155429719546989
0.8187947790027401
0.8325718784441417
0.9062494785923341
0.8493154876541548
0.8269422517145233
0.8414962816275554
0.8170177698198852
0.8446883937212554
0.8709903871627607
0.834121313778836
0.8899635545516014
0.8356701037437658
0.8466960130751793
0.8504711991878338
0.7857448489556699
0.8748945431352556
0.7920964303468773
0.815872033443136
0.857511025647389
0.9148358511809713
0.8568271025380845
0.9175425584603979
0.8268305946077079
0.8565617649599129
0.8739838220445094
0.9026927691002529
0.8281864109272478
0.789484989344544
0.8945667518809511
0.8055740163610344
0.883160202678904
0.8725995279040974
0.8401182273699942
0.7810569395731833
0.8446660238553361
0.830564416648846
0.8620746669398656
0.8314026744443561
0.8592307483890917
0.8340512624084039
0.8815979077120449
0.8364172092793611
0.8651755862792674
0.8608012207943877
0.896858083152506
0.8514315906089919
0.8519431323911173
0.8785999967218195
0.8565068133210539
0.8270006310688041
0.896351691658995
0.850422751310244
0.8780205434493461
0.8519452191356691
0.8740080968837917
0.8264212855108128
0.8047363904632366
0.8582928279204209
0.8752430820467301
0.865792003250358
0.859703887991303
0.7797546668154615
0.8841540162841146
0.8551830894976132
0.7547589794129147
0.8551435347531368
0.8321555208900994
0.9021667270429695
0.8328605355603553
0.8435823753896425
0.9002132945123166
0.8830838671368568
0.9028407991949274
0.7778614671305425
0.8387520836327033
0.8684322213632302
0.8180090164749438
0.8464375315075517
0.8405496526474762
0.887416927633223
0.872414459241999
0.8397348181840699
0.84941243818469
0.8470327565204392
0.8115735768808854
0.8522834987765164
0.820801615481069
0.8588248448176309
0.8694893301858909
0.8476940587343155
0.8079837323609907
0.886233883241885
0.7936738677383668
0.863803160205012
0.8873172919909748
0.8576887742677413
0.847867765927955
0.8392171438722543
0.8481928514619616
0.8390772085508909
0.9156150935461734
0.8219498903356357
0.8353116111776461
0.8717015665279358
0.9057134805072877
0.8928231791689233
0.8654056689537712
0.8566175112859714
0.8643720698517063
0.8281050861135693
0.8450182967405835
0.8325879261214765
0.834017870304401
0.8481421749065725
0.8538452905670837
0.8370956008419566
0.8600544224626868
0.848458672487247
0.8585268975655964
0.8860581371844848
0.8494802353262235
0.8150609354667394
0.8016316566095912
0.8504628865195709
0.8703215379445564
0.8712269015030052
0.8656341488693667
0.7981808635145604
0.8284346658220965
0.8189195753796648
0.8105963591438048
0.7803888642524983
0.8653830749102295
0.8511705838941785
0.8312011077758302
0.8330426596861309
0.8282260901624134
0.8541942704594476
0.8383290763302683
0.8041675775846475
0.8386959597653303
0.8837610228750488
0.8931995107812549
0.8290600920354906
0.8919245336587589
0.9025075110491074
0.853773370101835
0.8216425135645734
0.834455290425137
0.8735058128046028
0.863162677536671
0.8859068493408994
0.8478859514542966
0.8726961569518884
0.8199472412539519
0.8870956902863649
0.8273538779563056
0.8197771432840565
0.8281697339121474
0.7853952296568202
0.8261176159959833
0.8512448550709412
0.8498298901807159
0.8622032938802318
0.8941866911347681
0.8516623909517859
0.9096949111322645
0.858378511104293
0.8014310856255601
0.8688388238970721
0.8505803088060975
0.8383159076394742
0.9051906421241731
0.8648234797084507
0.8256111168314813
0.8773206994245106
0.8237840843163153
0.8487646350158459
0.8452756023376179
0.8602791884208391
0.8468191719341371
0.8550757914069417
0.9017430075077677
0.8392648773929445
0.858161717125982
0.8579264259566158
0.8809404910877601
0.8707589897029725
0.8786388207813434
0.857348639554943
0.8438005939629842
0.8619273453677633
0.8398029079419508
0.8282427878365551
0.8395321133822997
0.8583085663496662
0.8387313440114224
0.8619811651736164
0.813399202461394
0.816393008093064
0.8699995961147517
0.8426483113821842
0.8915604423628051
0.831663619012412
0.8286956671487329
0.7885764394179692
0.852656468797071
0.8238693852226892
0.8183843039482394
0.8657189893957622
0.7951131180508391
0.9541720326844174
0.8590465592379285
0.8831319583806266
0.8421814452391561
0.8764078775324625
0.8372226760546411
0.87158827375371
0.8635210143620858
0.8554895239859104
0.8549496470446991
0.8949518312579308
0.8445852962376204
0.8806341823145168
0.8392677832942411
0.8331414385625184
0.8822814699643022
0.8465036905026165
0.8269082645633643
0.8314139851383726
0.8485007168916214
0.8454010258636709
0.8764572167676113
0.8441978393251968
0.8034145109902604
0.8500742480950687
0.8245847361136311
0.8566038033231332
0.8565260547387629
0.795713005196953
0.8654440925848942
0.8750136846267
0.9122390084452408
0.8554608483499954
0.8673268865638863
0.8353121463486933
0.8892019311594211
0.8202839067842662
0.913911278464486
0.8134880823320225
0.8146155990670229
0.8581465141190089
0.9050516670970058
0.8141632373462481
0.8203617081876844
0.7848420863898486
0.8018054492000891
0.7897765753795906
0.8521305285621821
0.843054072947384
0.8199650537233154
0.9210569039668514
0.8508960211686598
0.8874830771980591
0.8672592022590146
0.8395029595155378
0.9038995141660848
0.8964936701705464
0.838381371524001
0.8916276518169528
0.8475913427557469
0.8316205248124118
0.866249323446392
0.8497078097301332
0.8510973178208362
0.8286099983506341
0.8542947926725809
0.8311436590071657
0.894600240125931
0.8181821833866953
0.8069905083309761
0.856545307312622
0.8216525921721041
0.855814556698939
0.8354773199894663
0.8675363831947612
0.8796786646531696
0.7939569975980778
0.91972206250692
0.8451328726382255
0.8708762313094534
0.8504983515255636
0.8476026457305187
0.881611263937636
0.8579973497632036
0.8687675317490384
0.829664134274951
0.8272011141727883
0.8405985707241417
0.8166170941811464
0.8847950357830258
0.829316475750269
0.8362930316267706
0.8860629739109893
0.8970149966315478
0.835817497228803
0.8414824937672846
0.8563149697065005
0.8249960130402885
0.8368688620170489
0.8394868440092115
0.8697941953828983
0.848303586079833
0.826270768348384
0.8582221367273414
0.8479334733169738
0.8417747544024455
0.8457625452746058
0.8755762919623483
0.8714966927031407
0.8927006710641997
0.8558053340840602
0.8466606697576786
0.8231051521984536
0.868813612308451
0.860885035874107
0.8136170042234312
0.8423682897903477
0.782714349312344
0.8596999674738354
0.8007223816862835
0.8474359453468157
0.7991600763421995
0.8514879723335429
0.8794732110980321
0.9400520837358296
0.8145956316986631
0.8601460383649597
0.8778760796030212
0.8121735268570475
0.8490249131836937
0.9061950396274167
0.8740447407918231
0.8552496879875493
0.8506910033577579
0.8417621071722321
0.8314341762286549
0.8315707913175058
0.8162371265258008
0.8159151199380701
0.851544286816923
0.8708401899480579
0.8123473037891874
0.8556642806356078
0.8028131191149902
0.8263877169938958
0.8753868319206238
0.8540512396222331
0.8555665525555766
0.798065932146483
0.8924314756963918
0.8599150416649087
0.8728618145149308
0.8451324034746411
0.8879946041043343
0.8459636339126853
0.8013627901636827
0.8933978456484253
0.844568423948858
0.8555331964022785
0.8230520096173279
0.8435328403621613
0.8946915589580343
0.8340445598074334
0.8528450013005929
0.8804425147917762
0.8000568732158885
0.807666006138213
0.8365664602968681
0.9171606626534461
0.8799451418298332
0.845825215840904
0.8232421409714494
0.866683732198141
0.8468175814252135
0.8231518266469857
0.816228049397019
0.8430677097685636
0.8780304034386885
0.8761380627339675
0.850612734017648
0.8499273853399113
0.8728161600593889
0.8658767675934167
0.8746046325168627
0.8241976947372062
0.8206009706141315
0.8762250688669602
0.8318618758726913
0.8767401088791686
0.8511926071078386
0.8952556822611575
0.827504736316279
0.8771695313134958
0.8935479271197195
0.8889710377885801
0.8408215083880232
0.843760926261195
0.8565400472489445
0.8646271370103539
0.848828746700501
0.8372946155874642
0.8870687020040967
0.8315665209206192
0.873297984964709
0.8335236492472445
0.8889606471962479
0.842253372878092
0.8257040141743118
0.9237125475744301
0.8375609157050266
0.8572664681615582
0.8611691288899911
0.8707629846567712
